0 41 88 91 59 75 87 87 17 94 99 100 0 51 78 80 35 97 100 100 4 26 29 100 0 90 97 98 20 70 92 92 38 80 84 100 177.686 39.2101 747 9.31429
0 13 88 93 59 98 100 100 64 72 98 100 0 74 84 97 70 91 98 99 39 40 86 100 0 95 100 100 88 99 99 99 76 97 98 100 182.696 20.011 456 7.99985
0 33 98 99 57 94 99 99 50 62 87 100 0 71 91 97 60 87 91 100 23 100 100 100 0 59 83 98 31 66 85 95 50 53 55 100 196.006 41.0273 8 893.511
0 60 60 79 64 81 91 100 73 74 89 100 0 49 79 88 3 74 77 99 73 95 99 100 0 74 90 97 67 100 100 100 87 92 98 100 191.655 35.2534 105 63.7405
0 98 100 100 21 49 75 87 67 92 100 100 0 92 94 96 34 95 95 100 83 84 96 100 0 67 73 88 46 66 77 98 71 89 93 100 177.009 31.6486 217 25.6976
0 100 100 100 18 68 71 79 72 88 96 100 0 4 80 100 10 75 86 90 56 91 92 100 0 97 98 99 28 36 85 85 54 97 99 100 181.489 21.4877 1342 2.90378
0 64 88 100 23 50 90 100 0 25 31 100 0 77 97 99 86 94 96 98 4 15 95 100 0 79 80 84 62 91 96 99 27 97 99 100 177.922 20.015 2719 1.30923
0 32 77 77 28 96 96 99 45 89 89 100 0 65 95 97 30 49 70 88 13 72 83 100 0 75 89 92 13 93 94 97 30 62 78 100 178.947 21.9133 838 4.6738
0 43 62 84 57 98 99 99 75 82 95 100 0 79 80 96 17 72 84 92 36 86 86 100 0 3 32 94 17 57 68 90 67 77 90 100 196.548 40.1102 1 3941.79
0 92 94 94 86 96 99 99 93 95 96 100 0 6 62 76 57 80 80 99 17 85 86 100 0 71 77 78 12 48 52 80 62 93 94 100 187.51 20.1992 46 80.5862
0 81 91 94 12 44 59 80 24 75 75 100 0 99 100 100 74 97 97 99 5 11 22 100 0 1 26 28 18 29 59 61 29 54 65 100 202.587 20.31 6204 0.663101
0 13 62 92 17 31 44 90 35 35 67 100 0 24 28 85 12 56 69 73 42 64 74 100 0 97 97 98 87 98 100 100 86 100 100 100 199.069 31.7043 289 21.7633
0 98 100 100 70 100 100 100 60 96 98 100 0 13 67 71 68 77 88 94 74 79 91 100 0 100 100 100 51 85 95 95 67 79 82 100 186.719 38.5478 0 7197.61
0 53 59 81 13 88 96 98 22 76 85 100 0 4 18 35 2 22 40 47 15 68 76 100 0 34 55 86 39 94 97 98 28 98 99 100 177.516 20.3997 3366 1.07552
0 81 87 90 21 48 54 95 9 21 24 100 0 92 99 99 12 14 93 95 87 98 98 100 0 0 76 79 2 49 78 80 7 68 82 100 198.15 20.1409 3194 1.24911
0 17 17 74 17 89 96 100 56 98 99 100 0 37 58 60 6 53 83 84 3 58 93 100 0 69 99 100 17 65 94 97 73 82 87 100 197.134 41.0297 435 18.5513
0 95 99 99 74 80 94 99 43 98 100 100 0 9 28 80 31 46 48 53 6 44 70 100 0 19 52 57 27 92 100 100 34 97 100 100 194.308 40.1102 153 50.6087
0 14 99 100 93 99 100 100 93 93 94 100 0 94 100 100 13 22 48 99 77 88 90 100 0 22 73 89 83 84 94 97 90 93 95 100 176.216 20.2825 0 3574.1
0 7 87 87 32 58 60 62 56 68 83 100 0 33 82 93 51 91 95 97 29 61 66 100 0 14 15 52 11 99 99 100 56 57 92 100 198.915 41.972 0 8348.86
0 3 46 50 13 59 80 88 59 82 96 100 0 69 70 88 30 46 78 91 40 44 48 100 0 25 84 99 35 60 67 84 79 90 92 100 198.047 40.1102 0 7943.7
0 98 100 100 21 49 75 87 67 92 100 100 0 92 94 96 34 77 88 94 74 79 91 100 0 67 73 88 46 66 77 98 71 89 93 100 201.778 40.1102 0 8093.36
0 98 100 100 70 100 100 100 60 96 98 100 0 13 67 71 68 95 95 100 83 84 96 100 0 100 100 100 51 85 95 95 67 79 82 100 192.635 40.1102 0 7726.63
0 32 77 81 13 88 96 98 22 76 85 100 0 4 18 35 2 22 40 47 15 68 76 100 0 34 55 86 39 94 97 98 28 98 78 100 210.487 40.1102 282 29.8328
0 53 59 77 28 96 96 99 45 89 89 100 0 65 95 97 30 49 70 88 13 72 83 100 0 75 89 92 13 93 94 97 30 62 99 100 177.387 31.0053 596 9.21262
0 7 87 87 32 58 60 62 56 68 83 100 0 92 94 96 34 77 88 94 74 61 66 100 0 14 15 52 11 99 99 100 56 57 92 100 197.627 41.972 881 9.40454
0 98 100 100 21 49 75 87 67 92 100 100 0 33 82 93 51 91 95 97 29 79 91 100 0 67 73 88 46 66 77 98 71 89 93 100 200.812 41.972 29 280.949
0 98 100 100 21 44 59 80 24 75 75 100 0 99 100 100 74 97 97 99 5 11 22 100 0 1 26 28 18 29 59 61 29 54 93 100 203.796 20.0663 5458 0.749117
0 81 91 94 12 49 75 87 67 92 100 100 0 33 82 93 51 91 95 97 29 79 91 100 0 67 73 88 46 66 77 98 71 89 65 100 180.303 27.9149 525 9.56871
0 92 94 94 86 96 99 99 93 95 96 100 0 6 62 76 57 80 80 99 17 85 86 100 0 71 77 98 87 98 100 100 86 100 100 100 188.93 20.6343 0 3898.44
0 13 62 92 17 31 44 90 35 35 67 100 0 24 28 85 12 56 69 73 42 64 74 100 0 97 97 78 12 48 52 80 62 93 94 100 194.605 20.1511 6299 0.622461
0 17 17 74 17 88 96 98 22 76 85 100 0 4 18 35 2 22 40 47 15 68 76 100 0 69 99 100 17 65 94 97 73 82 87 100 215.563 20.2111 982 4.43211
0 53 59 81 13 89 96 100 56 98 99 100 0 37 58 60 6 53 83 84 3 58 93 100 0 34 55 86 39 94 97 98 28 98 99 100 197.871 40.1102 360 21.9852
0 53 59 81 13 81 91 100 73 74 89 100 0 49 79 88 3 74 77 99 73 95 99 100 0 74 55 86 39 94 97 98 28 98 99 100 199.682 41.0297 9 819.289
0 60 60 79 64 89 96 100 56 98 99 100 0 37 58 60 6 53 83 84 3 58 93 100 0 34 90 97 67 100 100 100 87 92 98 100 193.592 40.1102 626 12.3844
0 53 59 77 28 81 91 100 73 74 89 100 0 49 79 88 3 74 77 99 73 95 99 100 0 74 55 86 39 94 97 98 28 98 99 100 179.203 41.972 0 7521.51
0 53 59 81 13 96 96 99 45 89 89 100 0 65 95 97 30 49 70 88 13 72 83 100 0 75 89 92 13 93 94 97 30 62 99 100 195.607 36.8918 0 7216.29
0 43 62 84 57 98 60 62 56 68 83 100 0 92 94 96 34 77 88 94 36 86 86 100 0 3 32 94 17 57 68 90 67 77 90 100 192.36 40.1102 0 7715.6
0 7 87 87 32 58 99 99 75 82 95 100 0 79 80 96 17 72 84 92 74 61 66 100 0 14 15 52 11 99 99 100 56 57 92 100 182.519 24.7689 1193 3.78626
0 81 91 94 12 49 75 87 67 92 100 100 0 4 18 35 2 22 40 47 15 68 76 100 0 34 55 86 39 66 77 98 71 89 65 100 179.534 40.3429 2246 3.22337
0 32 77 81 13 88 96 98 22 76 85 100 0 33 82 93 51 91 95 97 29 79 91 100 0 67 73 88 46 94 97 98 28 98 78 100 202.08 40.1102 0 8105.47
0 32 77 81 13 88 96 98 22 76 85 100 0 33 82 71 68 95 95 100 83 84 96 100 0 100 100 100 51 85 95 98 28 98 78 100 176.488 20.0282 6799 0.519814
0 98 100 100 70 100 100 100 60 96 98 100 0 13 67 93 51 91 95 97 29 79 91 100 0 67 73 88 46 94 97 95 67 79 82 100 178.862 20.2589 0 3623.55
0 95 99 99 74 80 94 99 43 98 100 100 0 9 28 80 17 72 84 92 74 61 66 100 0 14 15 52 11 99 99 100 56 57 92 100 178.128 20.6489 373 9.83462
0 7 87 87 32 58 99 99 75 82 95 100 0 79 80 96 31 46 48 53 6 44 70 100 0 19 52 57 27 92 100 100 34 97 100 100 177.231 41.972 388 19.1227
0 92 94 94 86 96 99 99 93 95 96 100 0 9 28 80 17 72 80 99 17 85 86 100 0 71 77 98 87 98 100 100 86 100 100 100 189.637 27.5382 0 5222.26
0 95 99 99 74 80 94 99 43 98 100 100 0 6 62 76 57 80 84 92 74 61 66 100 0 14 15 52 11 99 99 100 56 57 92 100 179.068 24.9947 40 109.165
0 32 17 74 17 88 96 98 22 76 85 100 0 4 18 35 2 22 40 47 15 68 76 100 0 69 99 100 17 65 94 97 73 82 78 100 211.097 20.4767 1148 3.76203
0 17 77 81 13 88 96 98 22 76 85 100 0 33 82 71 68 95 95 100 83 84 96 100 0 100 100 100 51 85 95 98 28 98 87 100 178.446 20.1456 3183 1.12905
0 98 100 100 70 100 100 100 60 96 98 100 0 13 100 100 13 22 48 99 77 88 90 100 0 22 73 89 83 84 94 97 90 93 95 100 183.953 42.9263 18 415.601
0 14 99 100 93 99 100 100 93 93 94 100 0 94 67 93 51 91 95 97 29 79 91 100 0 67 73 88 46 94 97 95 67 79 82 100 189.33 20.1054 0 3806.56
0 53 59 77 28 81 91 100 73 74 89 100 0 99 100 100 74 97 97 99 5 11 22 100 0 1 26 28 18 29 59 61 29 54 93 100 179.236 20.1873 4633 0.780814
0 98 100 100 21 44 59 80 24 75 75 100 0 49 79 88 3 74 77 99 73 95 99 100 0 74 55 86 39 94 97 98 28 98 99 100 179.201 32.6487 1 2925.34
0 81 91 94 12 49 75 87 67 92 100 100 0 4 18 35 2 22 40 47 15 58 93 100 0 34 90 97 67 100 100 100 87 92 98 100 205 40.1102 1340 6.13169
0 60 60 79 64 89 96 100 56 98 99 100 0 37 58 60 6 53 83 84 3 68 76 100 0 34 55 86 39 66 77 98 71 89 65 100 196.725 42.9263 400 21.059
0 53 59 81 13 96 96 87 17 94 99 100 0 51 78 80 35 97 100 100 4 26 29 100 0 90 97 98 20 93 94 97 30 62 99 100 182.214 20.5012 1248 2.99088
0 41 88 91 59 75 87 99 45 89 89 100 0 65 95 97 30 49 70 88 13 72 83 100 0 75 89 92 13 70 92 92 38 80 84 100 199.764 40.1102 0 8012.57
0 1 62 92 17 31 44 90 35 35 67 100 0 19 28 85 12 56 69 73 42 64 74 100 0 45 97 78 12 48 52 80 62 93 94 100 179.551 20.0413 5403 0.665884
0 60 60 79 64 89 96 100 56 98 99 100 0 92 94 96 34 95 95 100 83 84 96 100 0 34 55 86 39 66 77 98 71 89 65 100 191.75 40.1102 0 7691.13
0 98 100 100 21 49 75 87 67 92 100 100 0 37 58 60 6 53 83 84 3 68 76 100 0 67 73 88 46 66 77 98 71 89 93 100 202.433 40.1102 335 24.1656
0 64 88 100 23 31 44 90 35 35 67 100 0 19 28 85 12 56 69 73 42 64 74 100 0 45 97 78 12 48 52 99 27 97 99 100 197.318 20.0727 5086 0.778593
0 1 62 92 17 50 90 100 0 25 31 100 0 77 97 99 86 94 96 98 4 15 95 100 0 79 80 84 62 91 96 80 62 93 94 100 196.863 20.1049 3305 1.19719
0 13 88 93 59 98 100 100 64 72 98 100 0 74 84 97 70 97 100 100 4 26 29 100 0 90 100 100 88 99 99 99 76 97 98 100 178.192 20.3767 1218 2.97864
0 53 59 81 13 96 96 87 17 94 99 100 0 51 78 80 35 91 98 99 39 40 86 100 0 95 97 98 20 93 94 97 30 62 99 100 196.433 20.4464 162 24.6402
0 53 59 77 28 75 87 99 45 89 89 100 0 65 95 97 30 49 70 88 13 72 83 100 0 75 89 92 13 70 92 92 38 80 93 100 193.703 40.1102 0 7769.47
0 41 88 91 59 81 91 100 73 74 89 100 0 99 100 100 74 97 97 99 5 11 22 100 0 1 26 28 18 29 59 61 29 54 84 100 201.467 20.4467 3926 1.04898
0 1 62 92 57 98 60 62 56 68 83 100 0 92 94 96 34 77 88 94 36 86 86 100 0 3 32 94 17 57 68 90 67 77 90 100 191.689 20.143 105 36.4263
0 43 62 84 17 50 90 100 0 25 31 100 0 77 97 99 86 94 96 98 4 15 95 100 0 79 80 84 62 91 96 80 62 93 94 100 203.142 41.972 2983 2.85733
0 17 88 91 59 81 91 100 73 74 89 100 0 99 100 100 74 97 97 99 5 11 22 100 0 1 26 28 18 85 95 98 28 98 87 100 194.554 20.6074 4120 0.972883
0 41 77 81 13 88 96 98 22 76 85 100 0 33 82 71 68 95 95 100 83 84 96 100 0 100 100 100 51 29 59 61 29 54 84 100 196.263 20.1745 7049 0.561632
0 98 100 100 70 100 94 99 43 98 100 100 0 6 62 76 57 80 84 92 74 61 66 100 0 14 15 52 11 99 94 97 90 93 95 100 192.974 40.1102 288 26.7828
0 95 99 99 74 80 100 100 60 96 98 100 0 13 100 100 13 22 48 99 77 88 90 100 0 22 73 89 83 84 99 100 56 57 92 100 191.583 41.972 10 731.011
0 81 87 90 21 48 54 100 60 96 98 100 0 13 100 100 13 22 48 99 77 88 90 100 0 0 76 79 2 49 78 80 7 68 82 100 198.113 40.1102 0 7946.35
0 95 99 99 74 80 100 95 9 21 24 100 0 92 99 99 12 14 93 95 87 98 98 100 0 22 73 89 83 84 99 100 56 57 92 100 194.537 20.5843 2314 1.72977
0 98 100 100 21 49 75 87 67 92 100 100 0 37 58 60 6 53 83 84 3 68 76 100 0 67 73 88 46 66 77 98 71 97 98 100 202.379 40.1102 292 27.7046
0 13 88 93 59 98 100 100 64 72 98 100 0 74 84 97 70 97 100 100 4 26 29 100 0 90 100 100 88 99 99 99 76 89 93 100 190.171 20.0303 2146 1.77419
0 98 100 100 21 49 75 87 67 92 100 100 0 37 58 60 6 53 83 84 3 68 76 100 0 14 15 52 11 99 94 97 90 93 95 100 198.353 20.229 801 5.0031
0 98 100 100 70 100 94 99 43 98 100 100 0 6 62 76 57 80 84 92 74 61 66 100 0 67 73 88 46 66 77 98 71 97 98 100 195.576 41.972 268 30.5157
0 100 100 100 18 68 75 87 67 92 100 100 0 37 58 60 6 53 83 84 3 68 76 100 0 14 98 99 28 36 85 85 54 97 99 100 202.185 40.1102 291 27.7729
0 98 100 100 21 49 71 79 72 88 96 100 0 4 80 100 10 75 86 90 56 91 92 100 0 97 15 52 11 99 94 97 90 93 95 100 198.197 36.1931 272 26.2761
0 1 62 92 57 98 60 62 56 68 99 100 0 92 94 96 34 95 95 100 36 86 86 100 0 3 32 94 17 57 68 90 67 77 90 100 178.879 24.4471 22 190.134
0 60 60 79 64 89 96 100 56 98 83 100 0 92 94 96 34 77 88 94 83 84 96 100 0 34 55 86 39 66 77 98 71 89 65 100 190.775 30.9312 18 310.574
0 43 62 84 21 48 54 100 60 96 98 100 0 13 100 100 13 22 48 99 77 88 90 100 0 0 76 79 2 49 78 80 7 68 94 100 198.464 40.1102 3 1990.11
0 81 87 90 17 50 90 100 0 25 31 100 0 77 97 99 86 94 96 98 4 15 95 100 0 79 80 84 62 91 96 80 62 93 82 100 200.012 40.1102 3794 2.11397
0 98 100 100 70 100 94 99 43 98 100 100 0 6 94 96 34 95 95 92 74 61 66 100 0 67 73 88 46 66 77 98 71 97 98 100 197.293 40.1102 146 53.8331
0 1 62 92 57 98 60 62 56 68 99 100 0 92 62 76 57 80 84 100 36 86 86 100 0 3 32 94 17 57 68 90 67 77 90 100 178.879 20.2978 36 98.1311
0 43 62 84 21 48 54 100 60 96 98 100 0 13 100 100 13 22 48 99 77 88 90 100 0 0 76 79 83 84 99 100 56 57 92 100 190.992 41.972 0 8016.32
0 95 99 99 74 80 100 95 9 21 24 100 0 92 99 99 12 14 93 95 87 98 98 100 0 22 73 89 2 49 78 80 7 68 94 100 196.046 20.065 3626 1.08455
0 81 91 94 12 49 75 87 67 92 31 100 0 77 97 99 86 94 96 98 4 15 95 100 0 79 80 84 62 91 96 99 87 92 98 100 177.348 24.5708 626 6.94989
0 64 88 100 23 50 90 100 0 25 100 100 0 4 18 35 2 22 40 47 15 58 93 100 0 34 90 97 67 100 100 100 27 97 99 100 183.896 21.3702 4049 0.970344
0 98 100 100 21 49 71 79 72 88 96 100 0 4 80 100 10 75 86 90 56 91 92 100 0 97 15 52 11 99 94 99 27 97 99 100 201.878 31.9824 225 28.5688
0 64 88 100 23 31 44 90 35 35 67 100 0 19 28 85 12 56 69 73 42 64 74 100 0 45 97 78 12 48 52 97 90 93 95 100 196.936 20.3144 4990 0.80157
0 64 88 100 23 31 44 90 35 35 67 100 0 19 28 85 12 80 84 100 36 86 86 100 0 3 32 94 17 57 68 90 67 77 90 100 181.503 20.1849 756 4.83966
0 1 62 92 57 98 60 62 56 68 99 100 0 92 62 76 57 56 69 73 42 64 74 100 0 45 97 78 12 48 52 97 90 93 95 100 190.798 20.2914 3012 1.28495
0 100 100 100 18 68 75 87 67 92 100 100 0 74 84 97 70 97 100 100 4 26 29 100 0 14 98 99 28 36 85 85 54 97 99 100 196.27 26.8015 5 876.722
0 13 88 93 59 98 100 100 64 72 98 100 0 37 58 60 6 53 83 84 3 68 76 100 0 90 100 100 88 99 99 99 76 89 93 100 177.868 20.8781 1005 3.6914
0 81 2 90 17 50 90 100 0 25 31 100 0 77 25 99 86 94 96 98 4 15 95 100 0 79 37 84 62 91 96 80 62 93 82 100 201.779 20.2755 3208 1.2749
0 13 88 93 59 98 100 100 0 25 100 100 0 4 18 35 2 22 40 47 15 58 93 100 0 34 90 97 67 100 100 99 76 89 93 100 210.456 40.1102 1432 5.89074
0 64 88 100 23 50 90 100 64 72 98 100 0 37 58 60 6 53 83 84 3 68 76 100 0 90 100 100 88 99 99 100 27 97 99 100 179.657 44.8905 390 20.6263
0 95 60 79 64 89 96 100 56 98 83 100 0 92 94 96 34 77 88 94 83 84 96 100 0 34 55 86 39 66 77 80 7 68 94 100 190.739 37.7897 42 167.627
0 60 99 99 74 80 100 95 9 21 24 100 0 92 99 99 12 14 93 95 87 98 98 100 0 22 73 89 2 49 78 98 71 89 65 100 177.025 20.1446 3743 0.952483
0 95 60 79 64 89 75 87 67 92 31 100 0 77 97 99 86 94 96 98 4 15 95 100 0 79 80 86 39 66 77 80 7 68 94 100 194.768 41.972 261 31.2015
0 81 91 94 12 49 96 100 56 98 83 100 0 92 94 96 34 77 88 94 83 84 96 100 0 34 55 84 62 91 96 99 87 92 98 100 177.868 41.972 12 574.267
0 64 88 93 59 98 100 100 0 25 100 100 0 4 18 35 2 22 40 47 15 58 93 100 0 34 90 97 67 100 100 100 27 97 99 100 204.424 40.1102 3555 2.30582
0 13 88 100 23 50 90 100 64 72 98 100 0 37 58 60 6 53 83 84 3 68 76 100 0 90 100 100 88 99 99 99 76 89 93 100 199.713 20.1686 1042 3.86187
0 17 88 91 59 81 91 100 93 93 94 100 0 94 67 93 51 91 95 97 29 79 91 100 0 67 73 88 46 85 95 98 28 98 87 100 197.971 41.972 0 8309.24
0 14 99 100 93 99 100 100 73 74 89 100 0 99 100 100 74 97 97 99 5 11 22 100 0 1 26 28 18 94 97 95 67 79 82 100 177.922 20.2457 6041 0.596186
0 14 99 100 93 99 100 100 73 74 89 100 0 99 100 100 74 97 97 99 5 11 86 100 0 95 97 98 20 93 94 97 30 62 99 100 177.025 20.0772 3519 1.00971
0 53 59 81 13 96 96 87 17 94 99 100 0 51 78 80 35 91 98 99 39 40 22 100 0 1 26 28 18 94 97 95 67 79 82 100 198.051 20.0834 5373 0.740145
0 17 100 100 18 68 75 87 67 92 100 100 0 74 84 97 70 97 100 100 4 26 29 100 0 67 73 88 46 85 95 98 28 98 87 100 199.658 40.1102 1294 6.18403
0 100 88 91 59 81 91 100 93 93 94 100 0 94 67 93 51 91 95 97 29 79 91 100 0 14 98 99 28 36 85 85 54 97 99 100 178.431 20.2022 53 66.7537
0 13 88 100 93 99 100 100 93 93 94 100 0 94 67 93 51 91 95 84 3 68 76 100 0 90 100 100 88 99 99 99 76 89 93 100 175.185 40.1102 242 28.9165
0 14 99 100 23 50 90 100 64 72 98 100 0 37 58 60 6 53 83 97 29 79 91 100 0 67 73 88 46 94 97 95 67 79 82 100 180.682 20.4281 622 5.92454
0 14 99 100 93 99 100 100 45 89 89 100 0 65 95 97 30 49 70 88 13 11 86 100 0 95 97 98 20 93 94 97 30 62 99 100 194.837 41.0297 0 7994.1
0 53 59 77 28 75 87 99 73 74 89 100 0 99 100 100 74 97 97 99 5 72 83 100 0 75 89 92 13 70 92 92 38 80 93 100 200.771 42.9263 386 22.2697
0 98 100 100 70 100 94 99 43 98 100 100 0 6 94 96 34 95 95 92 74 61 66 100 0 1 26 28 18 94 97 95 67 79 82 100 202.194 20.0657 2467 1.64391
0 53 59 81 13 96 96 87 17 94 99 100 0 51 78 80 35 91 98 99 39 40 22 100 0 67 73 88 46 66 77 98 71 97 98 100 202.305 41.972 0 8491.15
0 1 62 92 57 98 60 62 56 68 99 100 0 92 62 76 86 94 96 98 4 15 74 100 0 45 97 78 12 48 52 97 90 93 95 100 191.703 20.1377 5504 0.701264
0 81 2 90 17 50 90 100 0 25 31 100 0 77 25 99 57 56 69 73 42 64 95 100 0 79 37 84 62 91 96 80 62 93 82 100 175.185 20.1964 3475 1.01787
0 14 99 100 23 50 90 100 64 72 98 100 0 94 67 93 51 91 83 97 29 79 91 100 0 67 73 88 46 94 97 95 67 79 82 100 202.811 42.9263 19 435.296
0 13 88 100 93 99 100 100 93 93 94 100 0 37 58 60 6 53 95 84 3 68 76 100 0 90 100 100 88 99 99 99 76 89 93 100 195.757 41.972 378 21.6789
0 1 62 92 57 98 60 62 56 68 99 100 0 92 62 76 86 56 69 98 4 15 74 100 0 45 97 78 12 48 52 97 90 93 95 100 191.468 20.2859 4618 0.840896
0 81 2 90 17 50 90 100 0 25 31 100 0 77 25 99 57 94 96 73 42 64 95 100 0 79 37 84 62 91 96 80 62 93 82 100 198.041 20.0231 3320 1.19404
0 81 2 90 17 50 90 100 0 25 31 100 0 51 78 80 35 91 98 99 39 40 22 100 0 67 73 88 46 66 77 80 62 93 82 100 195.888 40.1102 3830 2.05093
0 53 59 81 13 96 96 87 17 94 99 100 0 77 25 99 86 94 96 98 4 15 95 100 0 79 37 84 62 91 96 98 71 97 98 100 179.343 20.1843 904 3.9999
0 98 100 100 70 100 94 99 24 75 75 100 0 49 79 88 3 74 77 99 73 95 99 100 0 1 26 28 18 94 97 95 67 79 82 100 206.874 26.989 1752 3.18501
0 98 100 100 21 44 59 80 43 98 100 100 0 6 94 96 34 95 95 92 74 61 66 100 0 74 55 86 39 94 97 98 28 98 99 100 203.788 40.1102 196 41.4923
0 14 99 100 23 50 90 100 64 72 98 100 0 94 67 93 57 94 96 73 42 64 95 100 0 67 73 88 46 94 97 95 67 79 82 100 202.197 40.1102 0 8110.16
0 81 2 90 17 50 90 100 0 25 31 100 0 77 25 99 51 91 83 97 29 79 91 100 0 79 37 84 62 91 96 80 62 93 82 100 202.095 40.1102 3233 2.50652
0 98 100 100 21 44 59 80 43 98 100 100 0 6 94 96 34 49 70 88 13 72 83 100 0 75 55 86 39 94 97 98 28 98 99 100 175.185 40.1102 4 1405.34
0 41 88 91 59 75 87 99 45 89 89 100 0 65 95 97 30 95 95 92 74 61 66 100 0 74 89 92 13 70 92 92 38 80 84 100 193.97 40.1102 631 12.3104
0 81 2 100 18 68 75 87 67 92 100 100 0 74 84 97 70 97 100 100 4 26 29 100 0 67 73 88 62 91 96 80 62 93 82 100 199.429 41.972 7 1046.3
0 17 100 90 17 50 90 100 0 25 31 100 0 77 25 99 51 91 83 97 29 79 91 100 0 79 37 84 46 85 95 98 28 98 87 100 197.532 40.1102 7228 1.09601
0 95 60 79 64 50 90 100 0 25 31 100 0 77 25 99 51 91 83 97 29 79 91 100 0 79 80 86 39 66 77 80 7 68 94 100 196.68 21.3049 3778 1.10882
0 17 100 90 17 89 75 87 67 92 31 100 0 77 97 99 86 94 96 98 4 15 95 100 0 79 37 84 46 85 95 98 28 98 87 100 175.185 20.232 3849 0.920609
0 0 100 100 21 44 59 80 43 98 100 100 0 19 94 96 34 49 70 88 13 72 83 100 0 25 55 86 39 94 97 98 28 98 99 100 202.025 40.1102 0 8103.26
0 1 2 92 57 98 60 62 56 68 99 100 0 92 14 76 86 56 69 98 4 15 74 100 0 45 35 78 12 48 52 97 90 93 95 100 198.143 41.972 878 9.46127
0 60 99 99 74 80 100 95 9 21 24 100 0 4 18 35 2 22 40 47 15 58 93 100 0 34 73 89 2 49 78 98 71 89 65 100 203.671 29.5971 3144 1.91672
0 64 88 93 59 98 100 100 0 25 100 100 0 92 99 99 12 14 93 95 87 98 98 100 0 22 90 97 67 100 100 100 27 97 99 100 194.792 20.2988 2806 1.40864
0 53 59 81 13 96 96 87 17 94 99 100 0 77 25 99 86 91 83 97 29 79 95 100 0 79 37 84 62 91 96 98 71 97 98 100 199.25 40.1102 0 7991.96
0 95 60 79 64 50 90 100 0 25 31 100 0 77 25 99 51 94 96 98 4 15 91 100 0 79 80 86 39 66 77 80 7 68 94 100 197.12 41.972 3210 2.57662
0 100 88 91 59 81 91 100 93 93 94 100 0 49 79 88 3 74 77 99 73 79 91 100 0 14 98 99 28 36 85 85 54 97 99 100 177.769 20.6015 0 3662.31
0 98 100 100 70 100 94 99 24 75 75 100 0 94 67 93 51 91 95 97 29 95 99 100 0 1 26 28 18 94 97 95 67 79 82 100 196.847 20.2884 4357 0.916409
0 98 100 100 70 100 94 99 24 75 75 100 0 92 99 99 12 14 93 95 87 98 98 100 0 22 90 97 67 94 97 95 67 79 82 100 195.089 41.972 33 240.832
0 64 88 93 59 98 100 100 0 25 100 100 0 94 67 93 51 91 95 97 29 95 99 100 0 1 26 28 18 100 100 100 27 97 99 100 203.342 42.9263 4746 1.83879
0 81 99 99 74 80 100 95 9 21 24 100 0 4 18 35 2 22 40 47 15 58 93 100 0 34 73 89 2 66 77 80 62 93 82 100 199.363 20.2745 5667 0.713124
0 60 2 90 17 50 90 100 0 25 31 100 0 51 78 80 35 91 98 99 39 40 22 100 0 67 73 88 46 49 78 98 71 89 65 100 201.659 20.1133 2903 1.3967
0 7 87 87 32 58 99 99 75 82 100 100 0 74 84 97 70 97 100 100 4 26 29 100 0 67 73 88 62 92 100 100 34 97 100 100 190.719 20.0754 2125 1.80092
0 81 2 100 18 68 75 87 67 92 95 100 0 79 80 96 31 46 48 53 6 44 70 100 0 19 52 57 27 91 96 80 62 93 82 100 199.011 40.1102 91 86.7649
0 100 88 91 59 81 91 100 93 93 94 100 0 49 79 88 3 74 77 99 73 79 91 100 0 79 37 84 46 85 95 98 28 98 87 100 195.435 41.972 158 51.5899
0 17 100 90 17 89 75 87 67 92 31 100 0 77 97 99 86 94 96 98 4 15 95 100 0 14 98 99 28 36 85 85 54 97 99 100 177.025 20.1368 6416 0.555511
0 95 60 79 64 50 96 100 56 98 83 100 0 92 94 96 34 77 88 94 83 84 96 100 0 79 80 86 39 66 77 80 7 68 94 100 198.188 20.0734 2653 1.49899
0 81 91 94 12 49 90 100 0 25 31 100 0 77 25 99 51 94 96 98 4 15 91 100 0 34 55 84 62 91 96 99 87 92 98 100 200.885 41.0297 3610 2.28254
0 53 59 81 13 81 91 100 93 93 94 100 0 49 79 88 3 74 77 99 73 79 91 100 0 79 37 84 62 91 96 98 71 97 98 100 198.077 41.972 99 83.1369
0 100 88 91 59 96 96 87 17 94 99 100 0 77 25 99 86 94 96 98 4 15 95 100 0 79 37 84 46 85 95 98 28 98 87 100 178.308 41.0297 101 71.7247
0 17 100 90 17 89 75 87 67 92 31 100 0 77 97 99 86 94 96 98 4 15 95 100 0 14 52 57 27 91 96 80 62 93 82 100 201.897 20.0046 6081 0.664069
0 81 2 100 18 68 75 87 67 92 95 100 0 79 80 96 31 46 48 53 6 44 70 100 0 19 98 99 28 36 85 85 54 97 99 100 175.185 37.2825 258 25.2175
0 81 91 94 12 49 90 100 0 25 31 100 0 77 25 99 13 22 48 99 77 88 90 100 0 0 76 79 83 91 96 99 87 92 98 100 195.672 40.1102 3172 2.47351
0 43 62 84 21 48 54 100 60 96 98 100 0 13 100 100 51 94 96 98 4 15 91 100 0 34 55 84 62 84 99 100 56 57 92 100 199.532 41.0297 279 29.2384
0 98 100 100 21 49 71 79 72 88 96 100 0 4 80 100 10 75 86 90 56 15 95 100 0 14 52 57 27 91 96 80 62 93 82 100 201.269 20.8272 86 48.1824
0 17 100 90 17 89 75 87 67 92 31 100 0 77 97 99 86 94 96 98 4 91 92 100 0 97 15 52 11 99 94 99 27 97 99 100 180.202 20.1291 4824 0.751773
0 13 88 100 93 99 100 100 93 93 94 100 0 37 58 60 6 53 95 84 3 68 76 100 0 90 100 100 88 99 99 99 76 89 93 100 196.287 41.0266 204 39.2829
0 53 59 81 13 96 96 87 17 94 99 100 0 77 25 99 86 91 83 97 29 79 95 100 0 79 37 84 62 91 96 98 71 97 98 100 202.267 41.6242 0 8419.2
0 7 87 87 32 58 99 99 75 82 100 100 0 13 100 100 51 94 96 100 4 26 29 100 0 67 73 88 62 92 100 100 34 97 100 100 178.399 36.5021 460 14.1257
0 43 62 84 21 48 54 100 60 96 98 100 0 74 84 97 70 97 100 98 4 15 91 100 0 34 55 84 62 84 99 100 56 57 92 100 199.293 20.4403 497 8.17994
0 43 59 81 13 96 96 87 17 94 99 100 0 77 25 99 86 91 83 97 4 15 91 100 0 34 55 84 62 84 99 100 56 57 92 100 180.896 31.7672 1052 5.45732
0 53 62 84 21 48 54 100 60 96 98 100 0 74 84 97 70 97 100 98 29 79 95 100 0 79 37 84 62 91 96 98 71 97 98 100 204.01 24.59 176 28.3424
0 7 87 87 32 58 99 99 75 82 100 100 0 13 100 60 6 53 95 84 3 68 76 100 0 90 100 100 88 92 100 100 34 97 100 100 190.264 20.0124 6250 0.609125
0 13 88 100 93 99 100 100 93 93 94 100 0 37 58 100 51 94 96 100 4 26 29 100 0 67 73 88 62 99 99 99 76 89 93 100 183.908 20.1392 1676 2.20856
0 53 59 77 28 75 87 99 73 74 89 100 0 99 100 100 35 91 98 99 5 72 83 100 0 75 89 92 13 70 92 92 38 80 93 100 201.677 41.0273 195 42.2156
0 81 2 90 17 50 90 100 0 25 31 100 0 51 78 80 74 97 97 99 39 40 22 100 0 67 73 88 46 66 77 80 62 93 82 100 200.954 41.972 3486 2.41882
0 98 100 100 70 100 94 99 24 75 75 100 0 92 95 97 30 49 70 88 13 11 86 100 0 22 90 97 67 94 97 95 67 79 82 100 195.967 41.972 0 8225.13
0 14 99 100 93 99 100 100 45 89 89 100 0 65 99 99 12 14 93 95 87 98 98 100 0 95 97 98 20 93 94 97 30 62 99 100 196.718 20.08 1263 3.12508
0 17 100 90 17 89 75 87 67 92 31 100 0 77 97 99 35 91 98 99 5 72 83 100 0 75 89 92 11 99 94 99 27 97 99 100 202.077 20.0432 5934 0.682438
0 53 59 77 28 75 87 99 73 74 89 100 0 99 100 100 86 94 96 98 4 91 92 100 0 97 15 52 13 70 92 92 38 80 93 100 201.59 40.1102 277 29.0857
0 81 99 99 74 80 100 95 9 21 24 100 0 4 18 88 3 74 77 99 73 79 91 100 0 34 73 89 2 66 77 80 62 93 82 100 177.922 20.5444 2366 1.54428
0 53 59 81 13 81 91 100 93 93 94 100 0 49 79 35 2 22 40 47 15 58 93 100 0 79 37 84 62 91 96 98 71 97 98 100 197.948 41.972 2899 2.86492
0 60 2 90 17 50 90 100 0 25 31 100 0 51 78 99 12 14 93 95 87 98 98 100 0 95 97 98 20 93 78 98 71 89 65 100 192.843 41.0266 2661 2.97209
0 14 99 100 93 99 100 100 45 89 89 100 0 65 99 80 35 91 98 99 39 40 22 100 0 67 73 88 46 49 94 97 30 62 99 100 176.974 20.1062 168 21.0549
0 95 60 100 21 49 71 79 72 88 96 100 0 4 80 100 10 75 86 94 83 84 96 100 0 79 80 86 39 66 77 80 7 68 94 100 201.934 40.1102 0 8099.61
0 98 100 79 64 50 96 100 56 98 83 100 0 92 94 96 34 77 88 90 56 15 95 100 0 14 52 57 27 91 96 80 62 93 82 100 195.54 20.9796 6256 0.655642
0 81 91 94 12 49 90 100 0 25 99 100 0 92 14 76 86 56 69 98 4 15 74 100 0 0 76 79 83 91 96 99 87 92 98 100 199.334 41.972 3839 2.17876
0 1 2 92 57 98 60 62 56 68 31 100 0 77 25 99 13 22 48 99 77 88 90 100 0 45 35 78 12 48 52 97 90 93 95 100 196.163 31.0018 268 22.6075
0 98 100 100 70 100 94 79 72 88 96 100 0 4 80 100 10 75 86 94 83 84 96 100 0 22 90 97 67 94 97 95 67 79 82 100 187.346 20.7677 1 1945.37
0 95 60 100 21 49 71 99 24 75 75 100 0 92 95 97 30 49 70 88 13 11 86 100 0 79 80 86 39 66 77 80 7 68 94 100 203.635 39.0354 25 305.73
0 60 2 90 17 50 90 100 0 25 31 100 0 51 78 80 35 74 77 99 73 79 91 100 0 67 73 88 46 49 78 98 71 89 65 100 199.437 20.0151 2932 1.36098
0 81 99 99 74 80 100 95 9 21 24 100 0 4 18 88 3 91 98 99 39 40 22 100 0 34 73 89 2 66 77 80 62 93 82 100 177.025 20.1285 4320 0.824635
0 81 91 94 12 49 90 100 0 25 99 100 0 4 80 100 10 75 86 94 83 84 96 100 0 22 76 79 83 91 96 99 87 92 98 100 196.86 39.2101 3477 2.21935
0 98 100 100 70 100 94 79 72 88 96 100 0 92 14 76 86 56 69 98 4 15 74 100 0 0 90 97 67 94 97 95 67 79 82 100 190.161 21.6136 961 4.27242
0 95 60 100 21 49 71 99 24 75 75 100 0 92 95 97 30 49 70 88 13 11 86 100 0 95 97 98 20 93 78 98 71 89 65 100 201.33 39.2101 0 7894.17
0 60 2 90 17 50 90 100 0 25 31 100 0 51 78 99 12 14 93 95 87 98 98 100 0 79 80 86 39 66 77 80 7 68 94 100 202.298 20.1049 3299 1.23248
0 81 99 99 74 80 100 95 9 21 24 100 0 4 18 88 2 22 40 47 15 58 93 100 0 79 37 89 2 66 77 80 62 93 82 100 202.013 41.972 2242 3.78016
0 53 59 81 13 81 91 100 93 93 94 100 0 49 79 35 3 91 98 99 39 40 22 100 0 34 73 84 62 91 96 98 71 97 98 100 178.572 20.5767 4852 0.757145
0 100 88 91 59 96 96 87 17 93 94 100 0 49 79 35 3 91 98 99 39 40 95 100 0 79 37 84 46 85 95 98 28 98 87 100 177.025 20.5145 2214 1.63954
0 53 59 81 13 81 91 100 93 94 99 100 0 77 25 99 86 94 96 98 4 15 22 100 0 34 73 84 62 91 96 98 71 97 98 100 195.245 20.0266 1217 3.21026
0 81 91 94 12 49 90 100 0 25 31 100 0 51 78 80 74 97 97 99 39 40 22 100 0 67 73 88 46 66 77 80 62 93 98 100 202.096 20.7426 3421 1.22501
0 81 2 90 17 50 90 100 0 25 99 100 0 4 80 100 10 75 86 94 83 84 96 100 0 22 76 79 83 91 96 99 87 92 82 100 200.158 20.7567 2743 1.51407
0 81 2 90 17 50 90 100 0 25 99 100 0 77 97 99 35 91 98 99 5 72 83 100 0 75 89 92 11 99 94 99 27 97 82 100 199.587 20.1592 3302 1.21814
0 17 100 90 17 89 75 87 67 92 31 100 0 4 80 100 10 75 86 94 83 84 96 100 0 22 76 79 83 91 96 99 87 92 99 100 175.034 20.1796 3730 0.946694
0 60 2 90 17 50 90 100 0 25 31 100 0 51 78 93 57 94 96 73 42 64 95 100 0 67 73 88 46 94 97 95 67 79 82 100 175.181 20.1582 3463 1.01944
0 14 99 100 23 50 90 100 64 72 98 100 0 94 67 99 12 14 93 95 87 98 98 100 0 79 80 86 39 66 77 80 7 68 94 100 202.002 21.1338 858 4.96981
0 60 2 90 17 50 90 100 0 25 31 100 0 51 78 80 35 91 98 99 39 40 22 100 0 67 73 88 46 94 97 95 67 79 82 100 200.597 20.0651 3345 1.20293
0 60 2 90 17 50 90 100 0 25 31 100 0 51 78 93 57 94 96 73 42 64 95 100 0 67 73 88 46 49 78 98 71 89 65 100 199.552 20.2288 3038 1.3283
0 98 100 100 70 100 90 100 0 25 31 100 0 51 78 80 35 91 98 99 39 40 22 100 0 0 90 97 67 94 97 95 67 79 82 100 176.695 20.5748 2390 1.52048
0 60 2 90 17 50 94 79 72 88 96 100 0 92 14 76 86 56 69 98 4 15 74 100 0 67 73 88 46 94 97 95 67 79 82 100 193.57 40.1079 777 9.97903
0 81 99 99 74 80 100 95 6 21 24 100 0 4 18 88 2 22 40 47 18 58 93 100 0 79 37 89 2 66 77 80 20 93 82 100 199.417 20.1801 2809 1.43212
0 14 99 100 0 99 100 100 45 89 89 100 0 65 99 80 4 91 98 99 39 40 22 100 0 67 73 88 16 49 94 97 30 62 99 100 194.818 20.2874 4663 0.847416
0 81 2 91 59 96 96 87 17 93 94 100 0 49 79 35 3 91 98 99 39 40 95 100 0 79 89 92 11 99 94 99 27 97 82 100 190.698 20.1762 3963 0.970626
0 100 88 90 17 50 90 100 0 25 99 100 0 77 97 99 35 91 98 99 5 72 83 100 0 75 37 84 46 85 95 98 28 98 87 100 196.629 20.2118 4989 0.796438
0 14 99 100 21 49 71 99 24 75 75 100 0 92 95 97 30 49 70 88 13 11 86 100 0 67 73 88 16 49 94 97 30 62 99 100 195.9 20.8656 182 22.3365
0 95 60 100 0 99 100 100 45 89 89 100 0 65 99 80 4 91 98 99 39 40 22 100 0 95 97 98 20 93 78 98 71 89 65 100 190.244 29.0785 5475 1.01023
0 53 59 77 28 75 87 99 73 74 89 100 0 51 78 80 35 74 77 99 73 79 91 100 0 67 73 88 46 49 78 98 38 80 93 100 198.659 40.1079 0 7967.79
0 60 2 90 17 50 90 100 0 25 31 100 0 99 100 100 86 94 96 98 4 91 92 100 0 97 15 52 13 70 92 92 71 89 65 100 200.546 20.1608 4751 0.850835
0 95 60 100 0 99 100 100 45 89 89 100 0 65 99 80 4 91 98 99 39 40 22 100 0 95 97 98 20 93 78 98 71 89 65 100 193.685 20.1093 5799 0.671529
0 14 99 100 0 99 100 100 45 89 89 100 0 65 99 80 4 91 98 99 39 40 22 100 0 67 73 88 16 49 94 97 30 62 99 100 190.599 21.1018 5674 0.708719
0 13 88 100 93 99 100 100 93 21 24 100 0 4 18 88 2 22 40 47 18 58 93 100 0 79 73 88 62 99 99 99 76 89 93 100 200.379 39.2101 2656 2.95705
0 81 99 99 74 80 100 95 6 93 94 100 0 37 58 100 51 94 96 100 4 26 29 100 0 67 37 89 2 66 77 80 20 93 82 100 175.181 20.0186 1261 2.77883
0 81 91 94 12 49 90 100 0 89 89 100 0 65 99 80 4 91 98 99 39 40 22 100 0 67 73 88 16 49 94 97 30 62 99 100 195.766 41.0273 5118 1.56901
0 14 99 100 0 99 100 100 45 25 31 100 0 51 78 80 74 97 97 99 39 40 22 100 0 67 73 88 46 66 77 80 62 93 98 100 196.33 39.2101 1440 5.34221
0 60 2 90 17 50 90 100 0 25 31 100 0 51 99 80 4 91 98 99 39 40 22 100 0 67 73 88 46 49 78 98 71 89 65 100 190.544 20.8627 8679 0.45798
0 81 91 94 12 49 90 100 0 89 89 100 0 65 78 93 57 94 96 73 42 64 95 100 0 67 73 88 16 49 94 97 30 62 99 100 203.364 41.0273 536 15.5372
0 60 2 90 17 50 71 99 24 75 75 100 0 92 95 97 30 49 70 88 13 11 86 100 0 67 73 88 16 49 94 92 71 89 65 100 202.197 40.1079 0 8109.7
0 14 99 100 21 49 90 100 0 25 31 100 0 99 100 100 86 94 96 98 4 91 92 100 0 97 15 52 13 70 92 97 30 62 99 100 201.61 20.0498 4434 0.911441
0 17 100 90 17 89 75 87 67 92 31 100 0 4 80 80 4 91 98 99 39 40 22 100 0 22 76 79 83 91 96 99 87 92 99 100 196.496 20.0394 8177 0.481494
0 95 60 100 0 99 100 100 45 89 89 100 0 65 99 100 10 75 86 94 83 84 96 100 0 95 97 98 20 93 78 98 71 89 65 100 201.067 39.2101 378 20.8017
0 81 91 94 12 49 90 100 0 89 89 100 0 65 78 35 3 91 96 73 42 64 95 100 0 67 73 88 16 49 94 97 30 62 99 100 195.499 41.0273 3846 2.08495
0 81 2 91 59 96 96 87 17 93 94 100 0 49 79 93 57 94 98 99 39 40 95 100 0 79 89 92 11 99 94 99 27 97 82 100 199.417 41.0273 0 8181.54
0 53 59 81 13 81 91 100 6 21 24 100 0 4 18 88 2 22 40 47 4 15 22 100 0 34 73 84 62 91 96 98 71 97 98 100 201.398 41.0273 3178 2.59919
0 81 99 99 74 80 100 95 93 94 99 100 0 77 25 99 86 94 96 98 18 58 93 100 0 79 37 89 2 66 77 80 20 93 82 100 192.111 20.2556 0 3891.32
0 13 88 100 93 99 100 100 93 21 24 100 0 92 95 97 30 49 70 88 13 11 86 100 0 79 73 88 62 99 99 99 76 89 93 100 175.942 40.1079 2288 3.08286
0 60 2 90 17 50 71 99 24 75 75 100 0 4 18 88 2 22 40 47 18 58 93 100 0 67 73 88 16 49 94 92 71 89 65 100 202.464 34.3178 0 6948.12
0 100 88 90 17 50 90 100 0 25 31 100 0 51 99 80 4 91 98 99 39 40 22 100 0 67 73 88 46 49 78 98 28 98 87 100 191.648 39.2101 6627 1.13376
0 60 2 90 17 50 90 100 0 25 99 100 0 77 97 99 35 91 98 99 5 72 83 100 0 75 37 84 46 85 95 98 71 89 65 100 201.965 20.5526 3318 1.25065
0 17 100 90 17 89 75 87 67 92 31 100 0 4 80 80 4 91 98 99 39 40 22 100 0 67 73 88 46 49 96 99 87 92 99 100 204.389 20.0598 6811 0.601879
0 100 88 90 17 50 90 100 0 25 31 100 0 51 99 80 4 91 98 99 39 40 22 100 0 22 76 79 83 91 78 98 28 98 87 100 193.987 20.4594 6179 0.64221
0 13 88 100 93 99 100 100 93 21 24 100 0 92 95 97 30 49 83 97 4 15 91 100 0 34 55 84 62 84 99 100 56 57 92 100 193.425 20.1525 3711 1.05011
0 43 59 81 13 96 96 87 17 94 99 100 0 77 25 99 86 91 70 88 13 11 86 100 0 79 73 88 62 99 99 99 76 89 93 100 181.352 41.0266 0 7440.26
0 14 99 100 0 99 94 79 72 88 96 100 0 92 14 76 86 56 69 98 4 15 74 100 0 67 73 88 46 94 77 80 62 93 98 100 175.181 20.1416 4068 0.867148
0 60 2 90 17 50 100 100 45 25 31 100 0 51 78 80 74 97 97 99 39 40 22 100 0 67 73 88 46 66 97 95 67 79 82 100 195.64 39.2101 1914 4.00578
0 13 88 90 17 50 90 100 0 25 31 100 0 51 99 80 4 91 98 99 39 40 22 100 0 22 76 84 62 84 99 100 56 57 92 100 188.549 20.0276 5625 0.671202
0 100 88 100 93 99 100 100 93 21 24 100 0 92 95 97 30 49 83 97 4 15 91 100 0 34 55 79 83 91 78 98 28 98 87 100 199.341 20.0851 2964 1.35035
0 81 2 91 59 96 75 87 67 92 31 100 0 4 80 80 4 91 98 99 39 40 22 100 0 67 73 88 11 99 94 99 27 97 82 100 195.3 39.2101 103 73.632
0 17 100 90 17 89 96 87 17 93 94 100 0 49 79 93 57 94 98 99 39 40 95 100 0 79 89 92 46 49 96 99 87 92 99 100 176.212 20.3049 5278 0.677774
0 13 99 99 74 80 100 95 93 94 99 100 0 77 25 99 86 94 96 98 18 58 93 100 0 79 37 89 2 66 99 100 56 57 92 100 175.271 20.9108 38 93.9758
0 81 88 90 17 50 90 100 0 25 31 100 0 51 99 80 4 91 98 99 39 40 22 100 0 22 76 84 62 84 77 80 20 93 82 100 189.284 39.2101 5649 1.3136
0 81 2 90 17 50 90 100 0 25 31 100 0 51 19 80 4 91 98 99 39 40 22 100 0 22 34 84 62 84 77 80 20 93 82 100 176.924 20.7396 3595 1.02039
0 60 2 90 17 50 100 100 45 25 31 100 0 51 78 80 74 22 40 47 4 15 22 100 0 34 73 84 62 91 96 98 71 79 82 100 197.235 39.2101 2374 3.25625
0 53 59 81 13 81 91 100 6 21 24 100 0 4 18 88 2 97 97 99 39 40 22 100 0 67 73 88 46 66 97 95 67 97 98 100 201.765 20.1251 2410 1.68417
0 60 2 90 17 50 71 100 64 72 98 100 0 94 67 93 57 94 96 73 42 64 95 100 0 67 73 88 16 49 94 92 71 89 65 100 178.714 40.1079 1 3583.92
0 14 99 100 23 50 90 99 24 75 75 100 0 4 18 88 2 22 40 47 18 58 93 100 0 67 73 88 46 94 97 95 67 79 82 100 204.273 39.2101 276 28.9154
0 81 99 100 0 99 94 79 72 88 96 100 0 92 14 76 86 56 69 98 4 15 74 100 0 67 73 88 46 94 77 80 62 97 82 100 194.611 39.2101 346 21.9905
0 14 2 91 59 96 75 87 67 92 31 100 0 4 80 80 4 91 98 99 39 40 22 100 0 67 73 88 11 99 94 99 27 93 98 100 194.841 40.1102 30 252.1
0 43 59 81 13 96 96 87 17 94 31 100 0 51 78 80 35 91 98 99 39 40 22 100 0 0 90 97 62 99 99 99 76 89 93 100 177.02 28.5304 35 140.29
0 98 100 100 70 100 90 100 0 25 99 100 0 77 25 99 86 91 70 88 13 11 86 100 0 79 73 88 67 94 97 95 67 79 82 100 199.209 21.3985 3320 1.28358
0 14 2 91 59 96 75 87 67 92 31 100 0 4 80 80 4 91 98 99 39 40 22 100 0 67 73 88 11 99 94 99 27 93 82 100 195.357 39.2101 18 403.156
0 81 99 100 0 99 94 79 72 88 96 100 0 92 14 76 86 56 69 98 4 15 74 100 0 67 73 88 46 94 77 80 62 97 98 100 192.942 40.1079 353 21.8602
0 14 99 100 0 99 94 79 72 88 96 100 0 92 14 76 86 56 69 98 4 15 74 100 0 67 73 88 46 94 77 80 20 93 82 100 175.181 20.1228 1429 2.46513
0 81 2 90 17 50 90 100 0 25 31 100 0 51 19 80 4 91 98 99 39 40 22 100 0 22 34 84 62 84 77 80 62 93 98 100 194.927 39.2101 3727 2.05019
0 53 59 81 13 81 91 100 6 21 24 100 0 4 18 93 57 94 96 73 42 64 95 100 0 67 73 88 16 49 94 95 67 97 98 100 201.507 39.2101 2444 3.23154
0 60 2 90 17 50 71 100 64 72 98 100 0 94 67 88 2 97 97 99 39 40 22 100 0 67 73 88 46 66 97 92 71 89 65 100 202.054 39.2101 2 2640.85
0 13 99 99 74 80 100 95 93 94 99 100 0 4 18 93 57 94 96 73 42 64 93 100 0 79 37 89 2 66 99 100 56 57 92 100 192.69 41.9696 0 8087.12
0 53 59 81 13 81 91 100 6 21 24 100 0 77 25 99 86 94 96 98 18 58 95 100 0 67 73 88 16 49 94 95 67 97 98 100 192.244 20.7837 5304 0.753165
0 53 59 77 28 75 87 99 73 74 31 100 0 51 19 80 4 91 98 99 39 40 22 100 0 22 34 84 62 84 77 98 38 80 93 100 197.078 39.2101 0 7727.45
0 81 2 90 17 50 90 100 0 25 89 100 0 51 78 80 35 74 77 99 73 79 91 100 0 67 73 88 46 49 78 80 20 93 82 100 197.646 20.0053 3465 1.14079
0 14 2 91 59 48 54 100 60 96 98 100 0 74 84 97 70 97 100 98 29 79 95 100 0 79 37 88 11 99 94 99 27 93 82 100 195.782 41.9688 1397 5.87749
0 53 62 84 21 96 75 87 67 92 31 100 0 4 80 80 4 91 98 99 39 40 22 100 0 67 73 84 62 91 96 98 71 97 98 100 182.828 40.1079 23 305.535
0 100 88 100 93 99 100 100 93 21 24 100 0 92 95 76 86 56 69 98 4 15 91 100 0 34 55 79 83 91 78 98 28 98 87 100 194.217 39.2101 4406 1.72799
0 14 99 100 0 99 94 79 72 88 96 100 0 92 14 97 30 49 83 97 4 15 74 100 0 67 73 88 46 94 77 80 20 93 82 100 175.181 20.1983 1204 2.9364
0 98 100 100 70 100 60 62 56 68 31 100 0 77 25 99 13 22 48 99 77 88 90 100 0 45 35 78 12 94 97 95 67 79 82 100 194.186 40.1079 11 649.033
0 1 2 92 57 98 90 100 0 25 99 100 0 77 25 99 86 91 70 88 13 11 86 100 0 79 73 88 67 48 52 97 90 93 95 100 200.181 20.0513 3283 1.22226
0 60 2 90 59 48 54 100 60 96 98 100 0 74 84 97 70 97 100 98 29 79 95 100 0 79 37 88 46 66 97 92 71 89 65 100 178.814 40.1079 1260 5.68743
0 14 2 91 17 50 71 100 64 72 98 100 0 94 67 88 2 97 97 99 39 40 22 100 0 67 73 88 11 99 94 99 27 93 82 100 178.022 39.2101 0 6980.26
0 14 91 94 12 49 90 100 0 89 89 100 0 65 78 35 3 91 96 73 42 64 95 100 0 67 73 88 16 49 94 97 27 93 82 100 195.226 40.1079 4470 1.75131
0 81 2 91 17 50 71 100 64 72 98 100 0 94 67 88 2 97 97 99 39 40 22 100 0 67 73 88 11 99 94 99 30 62 99 100 201.232 39.2101 20 375.73
0 43 59 81 13 81 91 100 6 21 24 100 0 77 25 99 86 94 96 98 18 58 95 100 0 67 90 97 62 99 99 99 76 89 93 100 193.645 20.1108 4086 0.952864
0 53 59 81 13 96 96 87 17 94 31 100 0 51 78 80 35 91 98 99 39 40 22 100 0 0 73 88 16 49 94 95 67 97 98 100 195.398 40.5577 0 7924.89
0 14 99 100 0 99 94 79 72 88 96 100 0 92 14 97 30 49 83 97 4 15 74 100 0 67 73 88 16 49 94 97 27 93 82 100 176.212 20.1013 1148 3.08276
0 14 91 94 12 49 90 100 0 89 89 100 0 65 78 35 3 91 96 73 42 64 95 100 0 67 73 88 46 94 77 80 20 93 82 100 192.595 40.1079 4214 1.83264
0 14 99 100 21 49 90 100 0 25 99 100 0 77 25 99 86 91 70 88 13 11 86 100 0 79 73 88 13 70 92 97 30 62 99 100 201.901 40.1102 2337 3.46377
0 1 2 92 57 98 90 100 0 25 31 100 0 99 100 100 86 94 96 98 4 91 92 100 0 97 15 52 67 48 52 97 90 93 95 100 199.721 39.2101 3680 2.12743
0 43 99 100 0 99 94 79 72 88 96 100 0 92 14 76 86 56 69 98 4 15 95 100 0 67 90 97 62 99 99 99 76 89 93 100 183.977 20.487 1682 2.23953
0 81 59 81 13 81 91 100 6 21 24 100 0 77 25 99 86 94 96 98 18 58 74 100 0 67 73 88 46 94 77 80 62 97 98 100 201.165 20.0394 3545 1.13684
0 53 59 77 28 8 87 99 73 74 31 100 0 51 19 80 4 29 98 99 39 40 22 100 0 22 34 84 62 35 77 98 38 80 93 100 194.596 41.0273 418 19.0543
0 13 99 90 17 50 90 100 0 25 89 100 0 51 78 80 35 74 77 99 73 79 91 100 0 67 73 89 2 66 99 100 56 57 92 100 202.109 20.0967 7190 0.564834
0 81 2 99 74 80 100 95 93 94 99 100 0 4 18 93 57 94 96 73 42 64 93 100 0 79 37 88 46 49 78 80 20 93 82 100 193.162 40.1079 0 7747.32
0 95 60 100 0 99 100 100 45 89 89 100 0 51 78 80 74 22 40 47 4 15 22 100 0 34 73 84 20 93 78 98 71 89 65 100 198.33 20.1695 1574 2.53982
0 60 2 90 17 50 100 100 45 25 31 100 0 65 99 100 10 75 86 94 83 84 96 100 0 95 97 98 62 91 96 98 71 79 82 100 188.996 20.0445 2893 1.30903
0 53 62 84 21 96 75 87 67 92 31 100 0 4 80 80 4 75 86 94 83 84 96 100 0 95 97 98 62 91 96 98 71 97 98 100 200.072 40.1079 53 148.601
0 60 2 90 17 50 100 100 45 25 31 100 0 65 99 100 10 91 98 99 39 40 22 100 0 67 73 84 62 91 96 98 71 79 82 100 198.274 20.1295 2939 1.35754
0 14 99 100 0 99 94 79 72 88 96 100 0 92 14 99 86 91 70 97 4 15 74 100 0 67 73 88 16 49 94 97 27 93 82 100 193.22 20.0787 1673 2.31757
0 14 99 100 21 49 90 100 0 25 99 100 0 77 25 97 30 49 83 88 13 11 86 100 0 79 73 88 13 70 92 97 30 62 99 100 201.813 40.1079 3210 2.5208
0 43 99 100 28 8 87 99 73 74 31 100 0 51 19 80 4 29 98 99 39 40 22 100 0 22 34 84 62 35 77 98 38 80 93 100 185.246 20.4034 443 8.51272
0 53 59 77 0 99 94 79 72 88 96 100 0 92 14 76 86 56 69 98 4 15 95 100 0 67 90 97 62 99 99 99 76 89 93 100 193.649 20.0289 1483 2.6136
0 14 99 100 0 99 94 79 72 88 96 100 0 92 14 99 86 91 70 97 4 15 74 100 0 67 73 88 16 49 77 98 38 80 93 100 191.824 20.0609 1458 2.63753
0 43 99 100 28 8 87 99 73 74 31 100 0 51 19 80 4 29 98 99 39 40 22 100 0 22 34 84 62 35 94 97 27 93 82 100 192.535 40.1079 301 25.5701
0 13 99 100 18 68 75 87 67 92 95 100 0 79 80 96 31 46 48 53 6 44 70 100 0 67 73 89 2 66 99 100 56 57 92 100 201.624 39.2101 247 31.8778
0 81 2 90 17 50 90 100 0 25 89 100 0 51 78 80 35 74 77 99 73 79 91 100 0 19 98 99 28 36 85 85 54 97 99 100 196.043 39.2101 3520 2.18315
0 13 99 100 18 68 75 87 67 92 95 100 0 79 80 96 70 97 100 98 29 79 95 100 0 67 73 89 2 66 99 100 56 57 92 100 198.756 40.1102 0 7972.14
0 60 2 90 59 48 54 100 60 96 98 100 0 74 84 97 31 46 48 53 6 44 70 100 0 79 37 88 46 66 97 92 71 89 65 100 197.725 39.2101 1699 4.56048
0 53 59 90 59 48 54 100 60 96 98 100 0 74 84 97 31 46 48 53 6 44 70 100 0 79 37 88 46 66 97 99 76 89 93 100 201.074 40.1079 2308 3.49271
0 60 2 77 0 99 94 79 72 88 96 100 0 92 14 76 86 56 69 98 4 15 95 100 0 67 90 97 62 99 99 92 71 89 65 100 186.961 20.8266 1306 2.97916
0 43 99 100 28 8 87 99 73 74 31 100 0 51 95 76 86 56 69 98 4 15 91 100 0 34 55 79 83 91 78 97 27 93 82 100 190.419 20.1058 4400 0.869922
0 100 88 100 93 99 100 100 93 21 24 100 0 92 19 80 4 29 98 99 39 40 22 100 0 22 34 84 62 35 94 98 28 98 87 100 198.653 20.196 3449 1.1629
0 14 99 100 23 80 100 95 93 94 99 100 0 4 18 93 57 94 96 73 42 64 93 100 0 79 37 88 46 49 78 95 67 79 82 100 194.283 39.2101 0 7617.86
0 81 2 99 74 50 90 100 64 72 98 100 0 94 67 93 57 94 96 73 42 64 95 100 0 67 73 88 46 94 97 80 20 93 82 100 199.351 39.2101 1886 4.14233
0 81 2 91 17 50 71 100 64 72 98 100 0 4 18 88 2 22 97 99 39 40 22 100 0 67 73 88 11 99 94 99 30 62 99 100 186.055 20.0144 0 3723.78
0 14 99 100 23 50 90 99 24 75 75 100 0 94 67 88 2 97 40 47 18 58 93 100 0 67 73 88 46 94 97 95 67 79 82 100 203.874 39.2101 30 257.868
0 100 88 100 93 99 100 100 72 88 96 100 0 92 14 97 30 49 83 97 4 15 74 100 0 67 34 84 62 35 94 98 28 98 87 100 193.078 39.2101 184 40.9222
0 14 99 100 0 99 94 79 93 21 24 100 0 92 19 80 4 29 98 99 39 40 22 100 0 22 73 88 16 49 94 97 27 93 82 100 175.181 40.1079 2267 3.09795
0 43 99 100 28 8 87 99 73 74 31 100 0 51 95 76 86 56 69 98 4 15 91 100 0 79 37 88 46 66 97 99 76 89 93 100 189.23 20.2036 3968 0.963247
0 53 59 90 59 48 54 100 60 96 98 100 0 74 84 97 31 46 48 53 6 44 70 100 0 34 55 79 83 91 78 97 27 93 82 100 192.042 40.1079 2124 3.62466
0 14 2 90 17 50 90 100 0 25 89 100 0 51 78 80 35 74 77 99 73 79 91 100 0 19 98 99 28 36 85 85 54 97 82 100 200.05 20.0792 2104 1.90824
0 81 99 100 0 99 94 79 93 21 24 100 0 92 19 80 4 29 98 99 39 40 22 100 0 22 73 88 16 49 94 97 27 93 99 100 196.909 40.1079 2751 2.86977
0 14 99 100 21 49 90 100 60 96 98 100 0 74 84 97 31 46 48 53 6 44 70 100 0 34 73 88 13 70 92 97 30 62 99 100 200.636 40.1079 333 24.0931
0 53 59 90 59 48 54 100 0 25 99 100 0 77 25 97 30 49 83 88 13 11 86 100 0 79 55 79 83 91 78 97 27 93 82 100 200.857 39.2101 3510 2.24313
0 14 91 94 12 49 90 100 0 89 89 100 0 92 14 97 30 49 83 97 4 15 95 100 0 67 73 88 46 94 77 80 20 93 82 100 201.015 40.1079 2935 2.74601
0 100 88 100 93 99 100 100 72 88 96 100 0 65 78 35 3 91 96 73 42 64 74 100 0 67 34 84 62 35 94 98 28 98 87 100 175.181 20.7087 0 3627.77
0 14 99 3 0 99 94 79 72 88 96 100 0 92 14 23 86 91 70 97 4 15 74 100 0 67 73 31 16 49 77 98 38 80 93 100 195.353 20.1049 5172 0.759241
0 14 99 3 23 50 90 99 24 75 75 100 0 94 67 16 2 97 40 47 18 58 93 100 0 67 73 52 46 94 97 95 67 79 82 100 199.219 39.2101 2397 3.25746
0 60 2 77 0 99 94 79 3 88 96 100 0 92 14 76 86 56 69 98 12 15 95 100 0 67 90 97 62 99 99 92 22 89 65 100 201.803 20.1224 1617 2.50974
0 81 2 99 74 50 90 100 64 72 98 100 0 94 67 93 3 91 96 73 42 64 74 100 0 67 34 84 62 35 94 98 20 93 82 100 200.611 20.5682 2419 1.70504
0 100 88 100 93 99 100 100 72 88 96 100 0 65 78 35 57 94 96 73 42 64 95 100 0 67 73 88 46 94 97 80 28 98 87 100 174.661 21.6186 0 3775.93
0 14 99 100 23 50 90 100 64 72 98 100 0 94 100 100 86 94 96 98 4 91 92 100 0 97 15 52 67 48 52 95 67 79 82 100 203.692 39.2101 149 53.2452
0 1 2 92 57 98 90 100 0 25 31 100 0 99 67 93 57 94 96 73 42 64 95 100 0 67 73 88 46 94 97 97 90 93 95 100 198.456 20.0747 3823 1.04183
0 98 88 100 93 99 100 100 72 88 96 100 0 65 78 35 57 94 96 73 42 64 95 100 0 67 73 88 46 94 97 80 28 98 87 100 176.212 21.1005 0 3718.16
0 100 100 100 70 100 60 62 56 68 31 100 0 77 25 99 13 22 48 99 77 88 90 100 0 45 35 78 12 94 97 95 67 79 82 100 194.8 40.1079 13 558.073
0 1 2 92 57 98 90 100 0 25 31 100 0 99 67 93 57 94 96 73 42 64 95 100 0 67 73 88 46 94 97 97 90 93 95 100 195.72 39.2101 2972 2.5813
0 14 99 100 23 50 90 100 64 72 98 100 0 94 100 100 86 94 96 98 4 91 92 100 0 97 15 52 67 48 52 95 67 79 82 100 205.095 41.0273 89 93.4944
0 14 99 100 23 80 100 95 93 94 99 100 0 51 78 80 74 22 40 47 4 15 22 100 0 34 73 84 20 93 78 95 67 79 82 100 188.672 20.993 883 4.48053
0 95 60 100 0 99 100 100 45 89 89 100 0 4 18 93 57 94 96 73 42 64 93 100 0 79 37 88 46 49 78 98 71 89 65 100 175.181 40.1079 617 11.3692
0 14 91 94 12 50 100 100 45 25 31 100 0 65 99 100 10 91 98 99 39 40 22 100 0 67 73 88 46 94 77 80 20 93 82 100 196.292 40.1079 1846 4.26251
0 60 2 90 17 49 90 100 0 89 89 100 0 92 14 97 30 49 83 97 4 15 95 100 0 67 73 84 62 91 96 98 71 79 82 100 197.976 20.0997 2397 1.65941
0 81 2 91 17 50 71 100 64 72 31 100 0 4 80 80 4 75 86 94 83 84 96 100 0 95 97 98 62 91 96 99 30 62 99 100 202.357 40.1079 61 130.905
0 53 62 84 21 96 75 87 67 92 98 100 0 4 18 88 2 22 97 99 39 40 22 100 0 67 73 88 11 99 94 98 71 97 98 100 201.411 39.2101 106 73.807
0 13 99 100 57 98 90 100 0 25 31 100 0 99 67 93 57 94 96 73 29 79 95 100 0 67 73 89 2 66 99 100 56 57 92 100 174.661 39.2101 3137 2.18243
0 1 2 92 18 68 75 87 67 92 95 100 0 79 80 96 70 97 100 98 42 64 95 100 0 67 73 88 46 94 97 97 90 93 95 100 200.607 40.1079 0 8045.92
0 81 2 84 21 96 75 87 67 92 98 100 0 4 18 88 2 22 97 99 39 40 22 100 0 67 73 88 11 99 94 98 20 93 82 100 201.946 40.1079 71 112.495
0 53 62 99 74 50 90 100 64 72 98 100 0 94 67 93 3 91 96 73 42 64 74 100 0 67 34 84 62 35 94 98 71 97 98 100 199.573 41.9688 2140 3.91212
0 43 99 100 59 48 54 100 0 25 99 100 0 77 25 97 30 49 83 88 13 11 86 100 0 79 55 79 46 66 97 99 76 89 93 100 199.913 20.3252 3894 1.0432
0 53 59 90 28 8 87 99 73 74 31 100 0 51 95 76 86 56 69 98 4 15 91 100 0 79 37 88 83 91 78 97 27 93 82 100 183.384 20.1557 3666 1.00797
0 14 99 100 23 80 100 95 93 94 99 100 0 51 78 80 86 94 96 98 4 91 92 100 0 97 15 52 67 48 52 95 67 79 82 100 193.425 20.7083 297 13.4413
0 14 99 100 23 50 90 100 64 72 98 100 0 94 100 100 74 22 40 47 4 15 22 100 0 34 73 84 20 93 78 95 67 79 82 100 195.113 39.2101 1838 4.16009
0 14 91 94 12 50 100 100 45 25 31 100 0 65 99 100 10 22 48 99 77 88 90 100 0 45 35 78 12 94 97 95 67 93 82 100 196.922 39.2101 1853 4.16469
0 100 100 100 70 100 60 62 56 68 31 100 0 77 25 99 13 91 98 99 39 40 22 100 0 67 73 88 46 94 77 80 20 79 82 100 198.342 40.1079 0 7955.08
0 53 62 99 74 50 90 100 64 72 31 100 0 65 99 100 10 91 98 99 39 40 22 100 0 67 73 84 62 35 94 98 71 97 98 100 175.392 40.1102 1637 4.29488
0 60 2 90 17 50 100 100 45 25 98 100 0 94 67 93 3 91 96 73 42 64 74 100 0 67 34 84 62 91 96 98 71 79 82 100 174.661 38.7256 2155 3.13722
0 60 2 77 0 99 94 79 3 88 96 100 0 92 14 76 2 22 97 99 39 40 22 100 0 67 73 88 62 99 99 92 22 89 65 100 201.655 39.2101 875 9.02616
0 81 2 84 21 96 75 87 67 92 98 100 0 4 18 88 86 56 69 98 12 15 95 100 0 67 90 97 11 99 94 98 20 93 82 100 200.951 40.1079 484 16.618
0 81 2 91 17 50 71 100 64 72 31 100 0 4 100 100 74 22 40 94 83 84 96 100 0 95 97 98 62 91 96 99 30 62 99 100 198.021 41.0273 1 4062.13
0 14 99 100 23 50 90 100 64 72 98 100 0 94 80 80 4 75 86 47 4 15 22 100 0 34 73 84 20 93 78 95 67 79 82 100 196.288 39.2101 1577 4.87736
0 13 99 84 21 96 75 87 67 92 98 100 0 4 18 88 86 56 69 98 12 15 95 100 0 67 73 89 2 66 99 100 56 57 92 100 175.042 20.0429 1505 2.32958
0 81 2 100 57 98 90 100 0 25 31 100 0 99 67 93 57 94 96 73 29 79 95 100 0 67 90 97 11 99 94 98 20 93 82 100 198.51 20.069 3865 1.0305
0 81 99 100 0 99 94 79 93 21 24 100 0 92 14 76 2 22 97 99 39 40 22 100 0 67 73 88 16 49 94 97 27 93 99 100 199.63 20.1045 3010 1.33293
0 60 2 77 0 99 94 79 3 88 96 100 0 92 19 80 4 29 98 99 39 40 22 100 0 22 73 88 62 99 99 92 22 89 65 100 200.156 20.2521 1361 2.9762
0 14 99 100 23 50 90 100 64 72 96 100 0 92 19 80 4 29 98 99 39 40 22 100 0 34 73 84 20 93 78 95 67 79 82 100 198.853 41.972 281 29.5967
0 60 2 77 0 99 94 79 3 88 98 100 0 94 80 80 4 75 86 47 4 15 22 100 0 22 73 88 62 99 99 92 22 89 65 100 200.562 20.4724 1997 2.05505
0 53 62 99 74 50 11 100 64 72 31 100 0 65 99 100 10 91 18 99 39 40 22 100 0 67 73 84 62 35 41 98 71 97 98 100 196.39 39.2101 1505 5.11319
0 14 91 94 12 50 100 100 3 88 98 100 0 94 80 80 4 75 86 47 4 15 22 100 0 22 73 88 62 99 97 95 67 93 82 100 196.172 20.2159 3533 1.12218
0 60 2 77 0 99 94 79 45 25 31 100 0 65 99 100 10 22 48 99 77 88 90 100 0 45 35 78 12 94 99 92 22 89 65 100 187.963 21.5927 1144 3.54465
0 14 99 100 23 50 90 100 0 25 99 100 0 77 25 97 30 49 83 88 13 11 86 100 0 79 55 79 46 94 97 95 67 79 82 100 201.742 39.2101 3264 2.42276
0 43 99 100 59 48 54 100 64 72 98 100 0 94 67 93 57 94 96 73 42 64 95 100 0 67 73 88 46 66 97 99 76 89 93 100 198.728 40.1079 1500 5.31017
0 60 2 90 17 49 90 100 0 89 89 100 0 94 80 80 4 75 86 47 4 15 22 100 0 22 73 88 62 99 97 95 71 79 82 100 201.588 40.1079 1234 6.54678
0 14 91 94 12 50 100 100 3 88 98 100 0 92 14 97 30 49 83 97 4 15 95 100 0 67 73 84 62 91 96 98 67 93 82 100 192.09 41.0297 2974 2.64921
0 60 2 77 0 99 94 79 3 88 98 100 0 94 80 80 4 75 86 47 4 15 22 100 0 22 73 88 62 99 99 95 67 79 82 100 181.043 20.3969 1289 2.86257
0 14 99 3 23 50 90 99 24 75 75 100 0 94 67 16 2 97 40 47 18 58 93 100 0 67 73 52 46 94 97 92 22 89 65 100 195.331 20.13 4263 0.922142
0 14 99 91 17 50 71 100 64 72 31 100 0 4 100 100 74 22 40 94 83 84 96 100 0 95 97 98 62 48 52 95 67 79 82 100 177.4 20.0061 6037 0.587791
0 81 2 100 23 80 100 95 93 94 99 100 0 51 78 80 86 94 96 98 4 91 92 100 0 97 15 52 67 91 96 99 30 62 99 100 191.229 20.4532 311 12.536
0 14 2 90 17 50 90 100 0 25 89 100 0 51 80 80 4 75 86 47 4 79 91 100 0 19 98 99 28 36 85 85 54 97 82 100 178.353 20.0682 3020 1.18478
0 60 2 90 17 49 90 100 0 89 89 100 0 94 78 80 35 74 77 99 73 15 22 100 0 22 73 88 62 99 97 95 71 79 82 100 201.478 39.2101 1297 6.08627
0 81 2 100 57 98 90 100 0 25 31 100 0 79 80 96 70 97 100 73 29 79 95 100 0 67 90 97 11 99 94 98 20 93 82 100 197.186 40.1102 2695 2.93367
0 1 2 92 18 68 75 87 67 92 95 100 0 99 67 93 57 94 96 98 42 64 95 100 0 67 73 88 46 94 97 97 90 93 95 100 179.078 20.3262 153 23.6362
0 14 99 100 23 50 90 100 64 72 96 100 0 79 80 96 70 97 100 73 29 79 95 100 0 67 90 97 20 93 78 95 67 79 82 100 200.835 41.0273 0 8239.72
0 81 2 100 57 98 90 100 0 25 31 100 0 92 19 80 4 29 98 99 39 40 22 100 0 34 73 84 11 99 94 98 20 93 82 100 202.382 20.1202 3782 1.07639
0 81 2 100 23 80 100 95 0 25 89 100 0 51 78 80 35 74 77 99 73 79 91 100 0 97 15 52 67 91 96 99 30 62 99 100 202.291 41.9696 2772 3.06169
0 81 2 90 17 50 90 100 93 94 99 100 0 51 78 80 86 94 96 98 4 91 92 100 0 67 73 88 46 49 78 80 20 93 82 100 201.954 40.1102 9 810.042
0 14 91 94 12 50 100 100 3 88 98 100 0 92 14 97 30 75 86 47 4 79 95 100 0 67 73 84 62 91 96 98 67 93 82 100 202.005 40.1079 1067 7.58614
0 14 2 90 17 50 90 100 0 25 89 100 0 51 80 80 4 49 83 97 4 15 91 100 0 19 98 99 28 36 85 85 54 97 82 100 201.671 40.1079 2779 2.90957
0 98 88 100 93 99 100 100 0 25 89 100 0 51 78 80 35 74 77 99 73 79 91 100 0 97 15 52 67 91 96 99 30 62 99 100 200.964 40.1102 3339 2.41339
0 81 2 100 23 80 100 95 72 88 96 100 0 65 78 35 57 94 96 73 42 64 95 100 0 67 73 88 46 94 97 80 28 98 87 100 174.661 21.1682 0 3697.26
0 14 99 100 23 50 90 99 24 75 75 100 0 94 67 16 2 97 40 47 18 58 93 100 0 67 73 52 46 94 97 92 22 79 82 100 189.097 20.1881 4255 0.896971
0 14 99 3 23 50 90 100 64 72 96 100 0 79 80 96 70 97 100 73 29 79 95 100 0 67 90 97 20 93 78 95 67 89 65 100 177.02 20.2549 38 91.9365
0 14 99 100 23 50 90 99 56 68 31 100 0 77 25 99 13 91 98 99 39 40 22 100 0 67 73 88 46 94 77 80 20 79 82 100 176.212 41.0273 8 803.278
0 100 100 100 70 100 60 62 24 75 75 100 0 94 67 16 2 97 40 47 18 58 93 100 0 67 73 52 46 94 97 92 22 79 82 100 175.042 20.4477 3550 1.00794
0 14 99 100 0 99 94 79 3 88 98 100 0 94 80 80 4 75 86 47 4 15 22 100 0 67 73 88 46 94 77 80 20 79 82 100 196.067 20.0523 2912 1.34967
0 60 2 77 23 50 90 99 56 68 31 100 0 77 25 99 13 91 98 99 39 40 22 100 0 22 73 88 62 99 99 95 67 79 82 100 199.734 40.1079 0 8010.91
0 100 100 100 70 100 60 62 24 75 75 100 0 94 80 80 4 75 86 47 4 15 22 100 0 67 73 52 46 94 97 92 22 79 82 100 177.917 20.2545 4665 0.772315
0 60 2 77 0 99 94 79 3 88 98 100 0 94 67 16 2 97 40 47 18 58 93 100 0 22 73 88 62 99 99 92 22 89 65 100 197.796 41.0273 1652 4.90928
0 81 2 90 17 50 90 100 93 94 96 100 0 79 80 96 70 97 100 73 29 79 95 100 0 67 90 97 20 93 78 80 20 93 82 100 201.815 40.1079 0 8094.38
0 14 99 3 23 50 90 100 64 72 99 100 0 51 78 80 86 94 96 98 4 91 92 100 0 67 73 88 46 49 78 95 67 89 65 100 202.504 41.0273 122 67.5463
0 53 2 90 17 50 90 100 0 25 89 100 0 51 80 80 4 49 83 97 4 15 91 100 0 19 98 99 28 36 85 85 54 97 82 100 197.107 40.1079 3027 2.61081
0 14 62 99 74 50 11 100 64 72 31 100 0 65 99 100 10 91 18 99 39 40 22 100 0 67 73 84 62 35 41 98 71 97 98 100 196.159 40.1079 1172 6.70718
0 14 99 3 23 50 90 100 64 72 99 100 0 51 78 80 13 91 96 98 4 91 92 100 0 67 73 88 46 49 78 95 67 89 65 100 201.661 20.1617 291 13.9241
0 60 2 77 23 50 90 99 56 68 31 100 0 77 25 99 86 94 98 99 39 40 22 100 0 22 73 88 62 99 99 95 67 79 82 100 202.276 39.2101 0 7931.26
0 98 88 100 93 50 71 100 64 72 31 100 0 4 100 100 74 22 40 94 83 84 96 100 0 97 15 52 67 91 96 99 30 62 99 100 201.13 39.2101 2772 2.84397
0 14 99 91 17 99 100 100 0 25 89 100 0 51 78 80 35 74 77 99 73 79 91 100 0 95 97 98 62 48 52 95 67 79 82 100 189.185 20.8116 8965 0.43913
0 0 91 94 12 50 100 100 3 88 98 100 0 22 14 97 30 75 86 47 4 79 95 100 0 30 73 84 62 91 96 98 67 93 82 100 204.306 39.2101 58 135.777
