0.000293211
0
0.000293211
0
0.000293211
0
0.000293211
0
0.000293211
0
0.000293211
0
0.000293211
0
0.000293211
0
0.000293211
0
0.000293211
0
0.000293211
0
0.000293211
0
0.000293211
0
0.000293211
0
0.000293211
0
0.000293211
0
0.000293211
0
0.000293211
0
0.000293211
0
0.000293211
0
0.000293211
0
0.000293211
0
0.000293211
0
0.000293211
0
0.000293211
0
0.000293211
0
0.000293211
0
0.000293211
0
0.000293211
0
0.000293211
0
0.000293211
0
0.000293211
0
0.000293211
0
0.000293211
0
0.000293211
0
0.000293211
0
0.000293211
0
0.000293211
0
0.000293211
0
0.000293211
0
0.000293211
0
0.000293211
0
0.000293211
0
0.000293211
0
0.000293211
0
0.000293211
0
0.000293211
0
0.000293211
0
0.000293211
0
-0.000109135
0
0.156832
0
0.156331
0
0.155317
0
0.154398
0
0.153908
0
0.152987
0
0.152435
0
0.151515
0
0.513016
0
0.821121
0
1.29021
0
1.62116
0
1.85316
0
2.33333
0
2.68902
0
3.0625
0
3.35863
0
3.62305
0
4.05223
0
4.41015
0
4.75228
0
5.11159
0
5.45467
0
5.80845
0
6.15591
0
6.50425
0
6.85741
0
7.21841
0
7.56584
0
7.9175
0
8.26957
0
8.62007
0
8.99006
0
9.35475
0
9.65581
0
10.0452
0
10.4639
0
10.8672
0
11.1967
0
11.528
0
11.8882
0
12.2876
0
12.7182
0
13.1512
0
13.5507
0
13.901
0
14.2592
0
14.6406
0
15.1747
0
15.5915
0
15.9909
0
16.3546
0
16.7404
0
17.1619
0
17.6058
0
18.0706
0
18.5339
0
18.9814
0
19.4275
0
19.8673
0
20.3304
0
20.8205
0
21.3359
0
21.8771
0
22.4303
0
22.9865
0
23.5447
0
24.1087
0
24.6813
0
25.2724
0
25.886
0
26.5201
0
27.1716
0
27.8376
0
28.5155
0
29.2049
0
29.9069
0
30.6234
0
31.3558
0
32.1052
0
32.8723
0
33.6556
0
34.4543
0
35.2679
0
36.0966
0
36.9399
0
37.3586
0
37.3638
0
37.3643
0
37.3614
0
37.357
0
37.3522
0
37.3473
0
37.3463
0
37.6651
0
38.0235
0
38.3833
0
38.7457
0
39.1476
0
39.5532
0
39.9626
0
40.376
0
40.7937
0
41.2157
0
41.6421
0
42.073
0
42.5078
0
42.946
0
43.3876
0
43.8327
0
44.2813
0
44.7334
0
45.1891
0
45.6483
0
46.111
0
46.5775
0
47.0476
0
47.5213
0
47.9988
0
48.48
0
48.965
0
49.4538
0
49.9465
0
50.4429
0
50.9434
0
51.4478
0
51.9562
0
52.4686
0
52.985
0
53.5055
0
54.0301
0
54.5588
0
55.0918
0
55.6289
0
56.1696
0
56.7136
0
57.2609
0
57.8115
0
58.3653
0
58.9227
0
59.4834
0
60.0476
0
60.6152
0
61.1863
0
61.7608
0
62.3387
0
62.9203
0
63.5055
0
64.0942
0
64.6866
0
65.2825
0
65.8821
0
66.485
0
67.0921
0
67.703
0
68.3175
0
68.9357
0
69.5569
0
70.1806
0
70.8067
0
71.4354
0
72.0657
0
72.6997
0
73.3363
0
73.9754
0
74.617
0
75.2611
0
75.9078
0
76.557
0
77.2081
0
77.8624
0
78.5197
0
79.1797
0
79.3369
0
79.3153
0
79.2951
0
79.2749
0
79.2548
0
79.2346
0
79.2144
0
79.538
0
79.9379
0
80.3375
0
80.737
0
81.1368
0
81.5369
0
81.9382
0
82.3405
0
82.7439
0
83.1486
0
83.5545
0
83.9618
0
84.3703
0
84.7798
0
85.1909
0
85.6031
0
86.0165
0
86.4311
0
86.8469
0
87.2638
0
87.6817
0
88.101
0
88.5215
0
88.9432
0
89.3661
0
89.7902
0
90.2155
0
90.6418
0
91.0695
0
91.4984
0
91.9286
0
92.36
0
92.7925
0
93.2263
0
93.6611
0
94.0974
0
94.5349
0
94.9736
0
95.4135
0
95.8541
0
96.2956
0
96.7376
0
97.1806
0
97.6243
0
98.0688
0
98.514
0
98.96
0
99.4068
0
99.8543
0
100.303
0
100.752
0
101.201
0
101.652
0
102.103
0
102.555
0
103.008
0
103.462
0
103.916
0
104.371
0
104.827
0
105.284
0
105.741
0
106.199
0
106.658
0
107.118
0
107.578
0
108.039
0
108.501
0
108.964
0
109.427
0
109.521
0
109.483
0
109.445
0
109.407
0
109.369
0
109.331
0
109.293
0
109.531
0
109.838
0
110.144
0
110.45
0
110.757
0
111.063
0
111.369
0
111.676
0
111.983
0
112.291
0
112.599
0
112.907
0
113.216
0
113.526
0
113.835
0
114.146
0
114.456
0
114.768
0
115.079
0
115.391
0
115.703
0
116.015
0
116.328
0
116.642
0
116.956
0
117.27
0
117.584
0
117.899
0
118.215
0
118.531
0
118.847
0
119.163
0
119.48
0
119.797
0
120.115
0
120.433
0
120.751
0
121.07
0
121.389
0
121.709
0
122.029
0
122.349
0
122.67
0
122.99
0
123.312
0
123.633
0
123.954
0
124.275
0
124.597
0
124.919
0
125.241
0
125.563
0
125.885
0
126.207
0
126.53
0
126.853
0
127.175
0
127.498
0
127.821
0
128.145
0
128.469
0
128.792
0
129.116
0
129.439
0
129.764
0
130.088
0
130.412
0
130.737
0
131.061
0
131.387
0
131.712
0
132.036
0
132.361
0
132.686
0
133.013
0
133.338
0
133.664
0
133.989
0
134.316
0
134.642
0
134.968
0
135.294
0
135.621
0
135.949
0
136.275
0
136.601
0
136.928
0
137.255
0
137.583
0
137.91
0
138.237
0
138.564
0
138.892
0
139.221
0
139.548
0
139.875
0
140.203
0
140.533
0
140.861
0
141.189
0
141.517
0
141.845
0
142.175
0
142.503
0
142.832
0
143.16
0
143.491
0
143.82
0
144.149
0
144.478
0
144.807
0
145.138
0
145.467
0
145.796
0
146.096
0
146.397
0
146.697
0
146.997
0
147.297
0
147.596
0
147.897
0
148.197
0
148.496
0
148.795
0
149.095
0
149.395
0
149.694
0
149.993
0
150.292
0
150.591
0
150.891
0
151.19
0
151.488
0
151.787
0
152.086
0
152.134
0
152.063
0
151.991
0
151.918
0
151.846
0
151.774
0
151.702
0
151.629
0
151.76
0
151.965
0
152.169
0
152.373
0
152.576
0
152.779
0
152.982
0
153.185
0
153.387
0
153.589
0
153.793
0
153.995
0
154.197
0
154.4
0
154.602
0
154.805
0
155.007
0
155.21
0
155.412
0
155.615
0
155.817
0
156.019
0
156.221
0
156.423
0
156.626
0
156.827
0
157.029
0
157.231
0
157.434
0
157.635
0
157.837
0
158.038
0
158.24
0
158.442
0
158.644
0
158.845
0
159.046
0
159.249
0
159.45
0
159.651
0
159.852
0
160.054
0
160.255
0
160.456
0
160.657
0
160.858
0
161.048
0
161.233
0
161.431
0
161.63
0
161.831
0
162.031
0
162.232
0
162.433
0
162.634
0
162.835
0
163.036
0
163.236
0
163.437
0
163.638
0
163.838
0
164.038
0
164.239
0
164.439
0
164.64
0
164.84
0
165.04
0
165.24
0
165.441
0
165.641
0
165.841
0
166.041
0
166.242
0
166.442
0
166.641
0
166.841
0
167.042
0
167.241
0
167.441
0
167.641
0
167.841
0
168.041
0
168.24
0
168.44
0
168.639
0
168.839
0
169.039
0
169.238
0
169.437
0
169.637
0
169.836
0
170.036
0
170.235
0
170.435
0
170.634
0
170.833
0
171.032
0
171.231
0
171.43
0
171.63
0
171.829
0
172.028
0
172.227
0
172.426
0
172.625
0
172.824
0
173.022
0
173.221
0
173.42
0
173.619
0
173.818
0
174.016
0
174.215
0
174.414
0
174.612
0
174.811
0
175.01
0
175.208
0
175.407
0
175.605
0
175.804
0
176.002
0
176.2
0
176.399
0
176.597
0
176.796
0
176.994
0
177.192
0
177.39
0
177.589
0
177.787
0
177.985
0
178.183
0
178.381
0
178.579
0
178.777
0
178.975
0
179.174
0
179.371
0
179.569
0
179.767
0
179.953
0
180.133
0
180.327
0
180.523
0
180.719
0
180.916
0
181.114
0
181.311
0
181.509
0
181.706
0
181.903
0
182.101
0
182.297
0
182.494
0
182.691
0
182.888
0
183.085
0
183.281
0
183.478
0
183.674
0
183.87
0
184.067
0
184.263
0
184.459
0
184.655
0
184.851
0
185.047
0
185.243
0
185.438
0
185.633
0
185.829
0
186.024
0
186.219
0
186.415
0
186.61
0
186.805
0
187
0
187.195
0
187.39
0
187.584
0
187.779
0
187.974
0
188.168
0
188.362
0
188.557
0
188.751
0
188.945
0
189.139
0
189.333
0
189.515
0
189.69
0
189.879
0
190.07
0
190.263
0
190.455
0
190.649
0
190.843
0
191.037
0
191.227
0
191.422
0
191.617
0
191.809
0
192.001
0
192.199
0
192.395
0
192.584
0
192.782
0
192.979
0
193.175
0
193.366
0
193.564
0
193.761
0
193.956
0
194.15
0
194.347
0
194.544
0
194.736
0
194.934
0
195.132
0
195.329
0
195.522
0
195.72
0
195.917
0
196.111
0
196.308
0
196.505
0
196.703
0
196.896
0
197.094
0
197.292
0
197.488
0
197.683
0
197.881
0
198.078
0
198.272
0
198.47
0
198.667
0
198.864
0
199.058
0
199.256
0
199.453
0
199.647
0
199.844
0
200.041
0
200.238
0
200.432
0
200.629
0
200.825
0
201.02
0
201.216
0
201.21
0
201.096
0
200.982
0
200.867
0
200.754
0
200.64
0
200.526
0
200.411
0
200.475
0
200.612
0
200.749
0
200.885
0
201.022
0
201.157
0
201.293
0
201.428
0
201.564
0
201.699
0
201.834
0
201.97
0
202.105
0
202.239
0
202.374
0
202.509
0
202.643
0
202.777
0
202.912
0
203.046
0
203.179
0
203.313
0
203.447
0
203.58
0
203.713
0
203.847
0
203.979
0
204.111
0
204.243
0
204.377
0
204.508
0
204.639
0
204.771
0
204.902
0
205.033
0
205.164
0
205.295
0
205.427
0
205.558
0
205.689
0
205.82
0
205.951
0
206.082
0
206.213
0
206.344
0
206.475
0
206.606
0
206.736
0
206.867
0
206.997
0
207.128
0
207.258
0
207.388
0
207.518
0
207.648
0
207.778
0
207.908
0
208.038
0
208.168
0
208.298
0
208.427
0
208.557
0
208.686
0
208.816
0
208.945
0
209.075
0
209.204
0
209.333
0
209.462
0
209.591
0
209.72
0
209.849
0
209.978
0
210.106
0
210.235
0
210.364
0
210.492
0
210.62
0
210.749
0
210.877
0
211.005
0
211.133
0
211.261
0
211.389
0
211.517
0
211.645
0
211.773
0
211.9
0
212.028
0
212.155
0
212.283
0
212.41
0
212.537
0
212.664
0
212.791
0
212.917
0
213.044
0
213.171
0
213.297
0
213.423
0
213.55
0
213.676
0
213.802
0
213.928
0
214.053
0
214.179
0
214.305
0
214.43
0
214.555
0
214.681
0
214.806
0
214.931
0
215.068
0
215.205
0
215.343
0
215.48
0
215.617
0
215.753
0
215.89
0
216.026
0
216.163
0
216.299
0
216.435
0
216.571
0
216.707
0
216.843
0
216.978
0
217.114
0
217.249
0
217.384
0
217.519
0
217.654
0
217.789
0
217.924
0
218.058
0
218.193
0
218.327
0
218.461
0
218.595
0
218.729
0
218.863
0
218.997
0
219.13
0
219.264
0
219.397
0
219.53
0
219.663
0
219.796
0
219.928
0
220.061
0
220.194
0
220.326
0
220.458
0
220.59
0
220.722
0
220.838
0
220.945
0
221.069
0
221.197
0
221.323
0
221.457
0
221.591
0
221.722
0
221.857
0
221.991
0
222.123
0
222.257
0
222.39
0
222.523
0
222.657
0
222.79
0
222.923
0
223.057
0
223.189
0
223.323
0
223.457
0
223.589
0
223.723
0
223.857
0
223.989
0
224.123
0
224.257
0
224.389
0
224.522
0
224.655
0
224.788
0
224.921
0
225.053
0
225.169
0
225.277
0
225.4
0
225.526
0
225.656
0
225.787
0
225.919
0
226.051
0
226.183
0
226.314
0
226.445
0
226.577
0
226.707
0
226.837
0
226.968
0
227.098
0
227.227
0
227.358
0
227.487
0
227.615
0
227.745
0
227.873
0
228.001
0
228.129
0
228.257
0
228.384
0
228.512
0
228.641
0
228.769
0
228.898
0
229.027
0
229.154
0
229.283
0
229.411
0
229.539
0
229.667
0
229.795
0
229.922
0
230.05
0
230.178
0
230.305
0
230.432
0
230.559
0
230.686
0
230.812
0
230.939
0
231.065
0
231.191
0
231.317
0
231.443
0
231.568
0
231.694
0
231.818
0
231.943
0
232.068
0
232.192
0
232.317
0
232.44
0
232.563
0
232.687
0
232.809
0
232.931
0
233.055
0
233.176
0
233.297
0
233.42
0
233.54
0
233.662
0
233.782
0
233.9
0
234.022
0
234.14
0
234.257
0
234.378
0
234.495
0
234.611
0
234.73
0
234.846
0
234.963
0
235.08
0
235.197
0
235.314
0
235.431
0
235.548
0
235.664
0
235.781
0
235.897
0
236.014
0
236.13
0
236.246
0
236.362
0
236.478
0
236.593
0
236.709
0
236.824
0
236.939
0
237.055
0
237.17
0
237.284
0
237.399
0
237.514
0
237.611
0
237.7
0
237.802
0
237.91
0
238.021
0
238.135
0
238.249
0
238.364
0
238.478
0
238.592
0
238.705
0
238.818
0
238.932
0
239.045
0
239.158
0
239.27
0
239.383
0
239.496
0
239.608
0
239.72
0
239.832
0
239.944
0
240.056
0
240.168
0
240.28
0
240.391
0
240.502
0
240.614
0
240.725
0
240.836
0
240.947
0
241.058
0
241.168
0
241.279
0
241.389
0
241.5
0
241.61
0
241.72
0
241.83
0
241.939
0
242.049
0
242.158
0
242.268
0
242.378
0
242.486
0
242.597
0
242.707
0
242.816
0
242.927
0
243.036
0
243.147
0
243.257
0
243.366
0
243.476
0
243.586
0
243.695
0
243.805
0
243.914
0
244.023
0
244.132
0
244.241
0
244.349
0
244.458
0
244.565
0
244.673
0
244.781
0
244.888
0
244.996
0
245.103
0
245.208
0
245.316
0
245.421
0
245.528
0
245.633
0
245.737
0
245.843
0
245.946
0
246.051
0
246.154
0
246.256
0
246.361
0
246.462
0
246.563
0
246.666
0
246.765
0
246.868
0
246.966
0
247.064
0
247.166
0
247.261
0
247.363
0
247.455
0
247.55
0
247.643
0
247.732
0
247.828
0
247.915
0
248.009
0
248.095
0
248.18
0
248.272
0
248.357
0
248.447
0
248.531
0
248.615
0
248.703
0
248.785
0
248.873
0
248.955
0
249.039
0
249.122
0
249.204
0
249.289
0
249.37
0
249.456
0
249.536
0
249.615
0
249.7
0
249.778
0
249.86
0
249.937
0
250.013
0
250.093
0
250.168
0
250.248
0
250.322
0
250.396
0
250.474
0
250.548
0
250.625
0
250.699
0
250.772
0
250.848
0
250.921
0
250.996
0
251.069
0
251.142
0
251.216
0
251.289
0
251.362
0
251.435
0
251.508
0
251.581
0
251.654
0
251.726
0
251.8
0
251.874
0
251.946
0
252.02
0
252.093
0
252.167
0
252.24
0
252.313
0
252.386
0
252.459
0
252.532
0
252.605
0
252.677
0
252.75
0
252.823
0
252.895
0
252.968
0
253.04
0
253.112
0
253.184
0
253.256
0
253.309
0
253.353
0
253.385
0
253.43
0
253.489
0
253.556
0
253.628
0
253.701
0
253.773
0
253.846
0
253.917
0
253.988
0
254.058
0
254.129
0
254.199
0
254.269
0
254.339
0
254.409
0
254.478
0
254.548
0
254.617
0
254.666
0
254.707
0
254.734
0
254.777
0
254.832
0
254.895
0
254.964
0
255.034
0
255.103
0
255.171
0
255.239
0
255.306
0
255.375
0
255.442
0
255.511
0
255.579
0
253.772
0
251.181
0
249.072
0
248.51
0
246.585
0
243.94
0
241.804
0
241.542
0
241.616
0
241.701
0
241.788
0
241.878
0
240.181
0
237.715
0
235.672
0
234.964
0
233.232
0
230.766
0
228.707
0
228.283
0
